0.0 1.8449651786088161 671560601325.0359 13448226239.600323
1.0 1.8449651786088161 44970225.50353151 882959.9334255289
2.0 1.7719504699330682 12152.230681252891 261.4845815515816
3.0 1.7474214982927272 82811.0960963776 1633.7455409302218
4.0 1.7269434544128448 52082.6910463407 1698.3309892023192
5.0 1.6609170937712514 23168658.524227753 455019.21630044415
6.0 1.6442040902491615 100376.74686179114 1970.5968003726846
7.0 1.60743036002545 2887059.967521694 56612.78479397654
8.0 1.5620956859845176 10037.672910671137 199.8591420640049
9.0 1.5620956859845176 1042544.0675336347 20460.56239735331
10.0 1.5240456621132479 952862.9586868223 18715.281676158444
11.0 1.4883462404063288 262014.86077485612 5158.738266048045
12.0 1.4880950764917305 182285.57891591874 3596.4925527447904
13.0 1.4880950764917305 1180375.8479135265 23163.607095922413
14.0 1.4747450435616178 2841315.6380542708 56055.701986952685
15.0 1.459281346404516 4423039335.291321 87072379.27123699
16.0 1.428796318786007 628667.8050128907 12371.889287376718
17.0 1.425335929172398 12050.707743741517 243.02397256089188
18.0 1.425335929172398 6823.742011063414 148.6062979760748
19.0 1.4094177757791542 166488.45629783918 3351.352653251007
20.0 1.4094177757791542 1.501263759385355e+17 2943654430167390.5
21.0 1.4003682941889763 23492.222399872895 500.30221047121023
22.0 1.3995424191591652 13330.93069368656 275.1697719427774
23.0 1.3837162268052154 2242013.312701666 44026.68782614015
24.0 1.3689219460828286 7636194.99944684 149761.73276390656
25.0 1.3689219460828286 185168.69135171454 3643.7919532691185
26.0 1.3638969479251364 1389228.1984003151 27740.08818690508
27.0 1.3638969479251364 64545181.85644312 1265628.4001643662
28.0 1.3509699659812544 1128173.988513839 22143.60819483278
29.0 1.3509699659812544 51335723.4826662 1008827.5964798408
30.0 1.3509699659812544 60812.658725141766 1264.1781724146779
31.0 1.3418851505380296 55873198.253843874 1095791.8416682319
32.0 1.3364650619690024 491893.2418242326 9684.842402956448
33.0 1.3333469399664228 255105304976.3641 5002065242.976485
34.0 1.3333469399664228 11280141.34301113 221187.00128754135
35.0 1.3333469399664228 1671076.696277594 33046.282250627206
36.0 1.3333469399664228 357942289.9854886 7018874.799510762
37.0 1.3333469399664228 2679191.827052564 52812.51842209115
38.0 1.319052912487819 125921.12878295446 2475.203446446803
39.0 1.319052912487819 113243.36013699755 2230.953759824039
40.0 1.319052912487819 1376732.1699848957 27026.390195880555
41.0 1.319052912487819 40629.707185329054 838.4638958381097
42.0 1.305070120745967 586960.8700282358 11572.70451313036
43.0 1.305070120745967 18851.651056706756 423.8354104181529
44.0 1.305070120745967 1707977.377174891 33504.83210746334
45.0 1.2776604777525302 2551139.789809441 50124.03697875819
46.0 1.2776604777525302 5659.596311518111 115.92007906532652
47.0 1.2776604777525302 7201977.969156376 141233.57015535588
48.0 1.2723979849659401 698282.3237023954 13701.837408639578
49.0 1.2723979849659401 766204573.5927064 15024394.110562216
