0.0 1.543247706627225 205422132897028.47 4113858853849.3306
1.0 1.5040658463111594 2005474.534741053 42912.09069959771
2.0 1.4867119249028733 15042.35911134703 338.5446183345088
3.0 1.3991875427441156 159408.74497405146 3278.497478354509
4.0 1.395603502827171 19184804027.598495 376172705.9137506
5.0 1.3054280604163007 18561.882236402795 378.59027593768474
6.0 1.25745905510978 2464472.9638834777 48327.49135562377
7.0 1.2518523565682116 2955844.361649203 61661.68895325396
8.0 1.2333637392989971 925181.258949511 18168.852250068947
9.0 1.223850480685145 11416327.295665868 223863.8826151228
10.0 1.153716254264453 202006462.63635227 3960915.133027157
11.0 1.0614949911795262 69880381690.77919 1370204087.519833
12.0 1.0614949911795262 411860769.54657185 8088149.451406961
13.0 0.9676485304289741 804527.8311431169 15796.052826006635
14.0 0.9676485304289741 94025045.08390044 1859773.7127721044
15.0 0.9651938615026597 180819388.55203855 3545766.1840183637
16.0 0.9651938615026597 904067.3782480217 17999.712499640485
17.0 0.9651938615026597 694549.8079286556 13680.577913832914
18.0 0.9651938615026597 719764.607465146 14299.670003572635
19.0 0.9563405244626763 172807.32243379302 3454.555131134827
20.0 0.9520080007819123 158652464.67561343 3111403.608505203
21.0 0.9495240956608597 144840503.75568238 2840038.6167503954
22.0 0.9477697248437558 888236.1202146552 17924.360302373967
23.0 0.9394291761659784 2186369055.862096 42870842.88002129
24.0 0.9394291761659784 26192203.163345158 513615.74746459076
25.0 0.927756770764043 955361.7634612548 18847.039647553866
26.0 0.9249899162395522 85788.57980723052 1782.0438060635893
27.0 0.92421000835304 38472217.11749727 783295.6999786057
28.0 0.9197707091166579 129525.33872787516 2551.3484746573745
29.0 0.9197702655163557 341270.1590865517 6693.387270241704
30.0 0.8787698593215401 365586.8774094157 7184.862443592094
31.0 0.8785694568299791 1474625249.9445732 28914234.351722743
32.0 0.8785694568299791 231980886.47097677 4548655.294915437
33.0 0.8785694568299791 459317.0770826421 9011.955004456384
34.0 0.8776727678383867 10961942.028842218 214978.80941954607
35.0 0.8776727678383867 182127.77735532567 3672.4748329984013
36.0 0.8776727678383867 1964614083.1058795 38523381.26867623
37.0 0.8754561308003805 170822.6391512084 3353.1855061561423
38.0 0.8638995853991268 28957.451114667663 767.3000323779414
39.0 0.8638995853991268 83587815.58321054 1639377.2539565898
40.0 0.8616386224997686 19475101.765951775 381893.12052195246
41.0 0.8616386224997686 21473334.035699464 421100.8048630417
42.0 0.8558376634841058 503392.1547905574 10143.657679402564
43.0 0.8531652611166168 31839.682278526958 634.6657497357104
44.0 0.8513737066815403 30108.809947530375 605.4577832959125
45.0 0.8513737066815403 1902744.0917273716 37401.29074333479
46.0 0.8513737066815403 45927.68231968372 903.1565123112509
47.0 0.8401770055661133 550774.4530449078 10822.93673079771
48.0 0.8401770055661133 28696416.412809793 562724.9681652475
49.0 0.8359445252348604 9885051.00009836 193837.69429065674
