0.0 1.8769076109719127 178701210336.0749 3583915622.53661
1.0 1.8094665785875828 12633717.15588233 249399.0038231647
2.0 1.7998697336421459 3771189.2376177534 73996.61766593001
3.0 1.7483943702643028 53071.46962117023 1059.701842898705
4.0 1.7339817446873482 34005372360.073303 666776137.2808802
5.0 1.6953789922990958 284674.549239383 5592.923208864793
6.0 1.6550523527271883 132223.98567421778 2605.551876066449
7.0 1.5756057205937382 1789522.8317732795 40470.25987564995
8.0 1.5366201374781545 11154302.49131354 223425.52618284433
9.0 1.5353908381466264 379122358409.5642 7433774578.135548
10.0 1.4943981179824941 166811.72076786484 3296.7417649933627
11.0 1.4825487733624765 1997657.7781386739 39371.46283769693
12.0 1.453689943699484 28320796.958321515 555603.5756713884
13.0 1.4506047205066461 23389190.315365948 458636.305102212
14.0 1.4506047205066461 28762.488599476153 570.7194523417527
15.0 1.4506047205066461 119718155.34350985 2347447.323141156
16.0 1.435523192962423 327499.42571612116 6444.3145219991
17.0 1.4331301238607586 980329.954364119 19379.99781119245
18.0 1.428903987204905 998006059693.2528 19568752623.253845
19.0 1.42117481432838 4755726502.205082 93518331.58163728
20.0 1.388309162440377 3936969092.624674 77202553.8488095
21.0 1.3799686531075437 34939.69643358074 755.9665302709134
22.0 1.3799686531075437 3348729719.728069 65661382.04535738
23.0 1.3756285712009486 1706980.4325571293 33476.57867309846
24.0 1.3684512351818725 3018119.6058414206 89329.95102773825
25.0 1.3599116764515482 5621749.806704015 110345.85220201955
26.0 1.3488518287425342 432931128104.96796 8488845764.981963
27.0 1.347472097888712 41009.24056487598 815.6707614145508
28.0 1.343351393511955 5080294.097743843 99642.26883265922
29.0 1.343351393511955 8573542.305862196 168517.23512598468
30.0 1.324868093508138 154666.97868848406 5351.673029002636
31.0 1.3003648836239294 8237251.420108686 161609.64625654276
32.0 1.3003648836239294 820550.5240310393 17853.233660593094
33.0 1.2969016421202215 136376009.36271846 2687936.4694789825
34.0 1.2969016421202215 718070.444532615 14210.709099725034
35.0 1.2907533015759438 1245398.4167924335 24424.772350571307
36.0 1.2799174287515356 2385004.154620972 47294.23806509869
37.0 1.26962284767263 5153549.357929355 101063.28599427393
38.0 1.26962284767263 499688.7447649054 9804.558744121026
39.0 1.2620110568591048 8391002.158330545 164539.4096525936
40.0 1.2620110568591048 724015.4357011224 14205.129259308816
41.0 1.2620110568591048 19722.72776916788 403.65248194841206
42.0 1.2620110568591048 2950643.3939137626 58140.891245385756
43.0 1.2620110568591048 1729341591386561.8 33908658654683.773
44.0 1.2610499551651115 153936314.34612644 3026107.7552743345
45.0 1.2452167170038495 95321209.71941422 1869355.01473657
46.0 1.2452167170038495 31115286.798431408 610681.0263058172
47.0 1.2381595773798497 70367.95194595578 1383.0694910702182
48.0 1.2381595773798497 9990341.721993903 196011.75457751067
49.0 1.2381595773798497 1600635.8350721628 31561.103984961635
