0.0 530545.3690648694 4644244018101970.0 93805434430481.4
1.0 530545.3690648694 3065646482964.05 60124493915.340065
2.0 530545.3690367388 4688481.87744455 790740.6774099938
3.0 528904.563495941 293494491.77969474 6358037.202150682
4.0 526872.5148212304 1126992800.3158445 22868191.05817496
5.0 526417.7429975588 1322232132.2009542 26479168.9971443
6.0 525381.6067319037 2.8066500234987228e+16 550323534553046.4
7.0 525381.2217436361 2.079428778687094e+17 4077311332980615.0
8.0 525381.2217436361 1324121289238.6323 25963870227.74994
9.0 522649.1920129638 1282319900.0536249 25767534.199073873
10.0 519261.1703711812 3274591704.9651117 64750376.96328085
11.0 519261.1703711812 27168122371616.723 532708797935.66296
12.0 514882.72404989233 313755340174669.3 6152070596633.41
13.0 514882.72404989233 536028584030.1398 10510889835.476952
14.0 514640.93341685494 632819571583586.5 12408253024300.752
15.0 514436.8067518111 657848369387.8491 12940632286.075968
16.0 514436.8067518111 4.975929550696277e+17 9756724609717544.0
17.0 514427.0727374713 226169317467250.7 4434710619573.193
18.0 514427.0727374713 120984562065.23225 2372753154.364557
19.0 514426.9182053401 70398341624.86974 1788432959.6496594
20.0 513813.9040711137 1444470751675.4768 28323461983.52154
21.0 513767.41985286254 43352769494.30619 850662333.2696335
22.0 513075.20593141794 4590637786954.881 90034378311.97855
23.0 511281.9606939684 538776992017.57965 11979395414.31819
24.0 511279.0915934091 33346973300344.816 653863809790.8805
25.0 509904.9570744948 359419989148905.75 8119697970486.237
26.0 507481.6844011669 67936605905.12852 1332602404.222659
27.0 507481.6844011669 1248917488011.6985 24489382985.98106
28.0 507435.60254889634 1.2123825142938408e+16 237722118971688.44
29.0 507413.1013457591 111452117805262.08 2185336162905.8403
30.0 507413.1013457591 970217249120393.6 19024288425996.254
31.0 507413.1013457591 135019402838.53394 3726971293.744056
32.0 506724.71343631943 1.1839308270257468e+21 2.3214330433065808e+19
33.0 505213.7918282307 1292264042572.3862 25339020922.938343
34.0 490003.5348188652 2572691539675165.0 50444932650927.45
35.0 482746.4498638414 226139210886686.88 4434102812336.402
36.0 482546.1487335482 550539198.0201215 12005311.649616687
37.0 482546.1487335482 460872447398689.06 9036715146644.857
38.0 482546.1487335482 8.787280610970686e+21 1.7229961982300576e+20
39.0 482546.1487335482 11014277512.715609 216450223.56461814
40.0 482546.1487335482 246506078755.42755 4834047749.786839
41.0 482546.1487335482 450373318.5069795 9397144.672086377
42.0 482546.1487335482 4.974461137068617e+17 9753845367757622.0
43.0 474087.3089232292 3.146047810332018e+16 616872120149835.4
44.0 472256.51187707804 3834663625667.4585 75190062090.07259
45.0 472256.51187707804 2.3894513876810535e+19 4.685198799406773e+17
46.0 472256.51187707804 21613728483.442886 424616643.34149253
47.0 469015.53709340445 21344678392.564884 419420827.68252385
48.0 465406.8169525894 245545390.77555564 5282141.882329101
49.0 455718.64597379597 4680669524714.686 91782548578.71524
