0.0 582958.6520196868 1.3592626560870567e+25 2.7185418072082583e+23
1.0 577365.5240758045 34190803534853.84 670408591863.8668
2.0 569595.4853778844 5963985817.774016 117674094.81691788
3.0 569154.8948831221 75274443421749.16 1475970194512.9856
4.0 561168.3247302318 1.268943651418751e+16 248812481291238.38
5.0 560948.4972206058 22131562696.56185 434658385.0417511
6.0 554180.751061856 3790947676276846.0 74332307966002.8
7.0 548429.9578491548 69336413386585.89 1359571168302.8108
8.0 542476.899131675 269169518772.92752 5300954532.50019
9.0 535781.6165340351 974980358283489.4 19181422223168.742
10.0 534576.0168222814 6661418233988.334 130617262445.41824
11.0 533619.8095711821 851636386.145852 17373853.948100556
12.0 532599.8046556741 65867826334374.25 1311835851969.668
13.0 529737.8543128398 39727290351807.27 779531079267.9276
14.0 529284.2382678096 146852110624151.44 2881312014348.7217
15.0 525390.9760062731 9.635369031302026e+17 1.889288260120085e+16
16.0 524944.555734153 3.0144117989188616e+16 591063043109865.9
17.0 514892.35216429934 32061299376569.88 628655037878.9989
18.0 506935.25296108157 1.7426814872369224e+16 341702586569067.56
19.0 506935.25296108157 80487682665748.9 1578191816475.5356
20.0 506918.8564959106 2.9362848445975966e+19 5.7574212647445395e+17
21.0 505429.89636656 1.3864112129786786e+16 272100140249350.84
22.0 504645.15850535803 531433709988580.7 10420270887043.674
23.0 504645.15850535803 2326603576872188.5 45619678630088.766
24.0 499216.13510129094 395691295878247.2 7760242831811.663
25.0 498738.9808020606 10850563294066.754 212756675109.65237
26.0 497471.6693563402 51215488417784.7 1004227051218.061
27.0 493752.7856590211 3753558954755.271 73641354288.71439
28.0 492810.2829721268 6.665171141436572e+16 1307512683294425.2
29.0 491327.8784932827 1368075469488.947 26829298022.768005
30.0 491057.7769665697 8.741691026197613e+16 1714144127032539.0
31.0 483602.9202719172 1221620697.465912 24825887.436973657
32.0 481789.54570190737 3761920110.633294 74631498.20089923
33.0 479328.50066594535 26243504868285.992 514579631422.3312
34.0 469624.6162284351 1826463708069.8584 35823480736.0479
35.0 457713.56708722224 261505532227752.22 5127568112234.298
36.0 457713.56708722224 1.2971720734163556e+19 2.5434746539953933e+17
37.0 457712.62844444625 4.5203553086277217e+18 8.863454883766626e+16
38.0 456802.9482691586 124193628826.51056 2458854639.067148
39.0 456802.7580165541 687072500038933.8 13501592140549.346
40.0 454886.97778265475 162241274692625.97 3181228127144.794
41.0 450989.4853270102 3.788707475560741e+17 7428838494441367.0
42.0 450829.1592676893 663002358375.2222 13001400656.187286
43.0 450788.07480153133 7.279650203778051e+19 1.4273834583669847e+18
44.0 450788.07480153133 2727673245278.5996 53484400615.297035
45.0 448792.25499296363 15561356647.875568 315025048.43806565
46.0 448741.0955485158 2597453458150.855 50930937331.945274
47.0 447228.91187322617 568605697942606.8 11149138099942.55
48.0 446998.5148969795 5.455486551480156e+18 1.069704320887613e+17
49.0 446832.8613919524 2496007018064719.0 48941653699604.35
