0.0 565044.6515584459 1.2514812716826984e+20 2.502966291659935e+18
1.0 556935.6766202896 13107476716713.957 257010081960.71472
2.0 556928.3372029341 3.5868757183089348e+16 703308966093575.6
3.0 553981.090515486 52774931784856.17 1034803689979.6111
4.0 540227.7963690185 11200976799771.389 219644592029.88663
5.0 538780.4151846413 81044972872230.14 1589118707593.349
6.0 528381.548354649 7891745890032.044 154741732513.45932
7.0 523909.955081714 34558541594826.465 677626126084.3691
8.0 516743.6729425035 897612466015546.9 17600251577688.24
9.0 515020.0004392759 399250139867.0235 8352264246.287206
10.0 515020.0004392759 1439474458827.0557 28225656953.0196
11.0 514686.3506810463 261222482806755.56 5122018518700.763
12.0 503829.59092189674 14978450834517.83 293696848654.5385
13.0 491462.17340010486 62867489220498.46 1232699720123.527
14.0 490694.9019090492 1576752328448.413 43119176450.86025
15.0 489142.40017728007 12450249312.920103 246249264.27769
16.0 483268.67982603156 78805270607029.64 1545203013582.5068
17.0 483268.5086685792 29586803518311.61 580135792136.3506
18.0 479519.27105185034 7693724256287.645 150858566483.41638
19.0 479516.3950340058 197931297807.78226 3890440551.052313
20.0 476171.9874739855 1.963587065224073e+17 3850170742575054.0
21.0 467872.56527751766 1405424585841513.2 27558381296034.93
22.0 466103.69885125576 417791552883.30597 8224333715.246261
23.0 463920.69776938093 14102885466413.982 276527924856.6868
24.0 460202.3336649792 3547893306934.7134 69579135047.04938
25.0 460196.9438035541 217548199155533.56 4293037770358.1865
26.0 459331.60219000286 2.48753927653919e+17 4877528141522859.0
27.0 459331.60219000286 251354255404.93942 4939942464.87926
28.0 457901.70859699976 11643849829450.338 228376810671.3029
29.0 455539.5056181006 23241034490.46501 456232411.4567011
30.0 454714.85202910966 94962855953.01993 1863055275.3531144
31.0 451416.67290235567 8148911319595.364 160248442974.3658
32.0 451416.67290235567 10339558138067.773 224039723757.91885
33.0 443892.81753002276 1679477867798.467 32931776295.58989
34.0 443892.81753002276 546188678557.64575 10714705166.683289
35.0 443892.81753002276 489233449345662.3 9592823995249.973
36.0 441422.8331472097 4017368188345.55 78773209625.90257
37.0 441411.6593231933 1.1478181276885195e+19 2.2506237799422838e+17
38.0 440144.0913329408 1.780118377500603e+22 3.490428191177685e+20
39.0 430257.06033967825 1809182351243.6746 35475132570.97187
40.0 429328.7319470273 1.9888171960395014e+19 3.8996415609672723e+17
41.0 429320.5893706728 131049544414.77052 2573104760.6981144
42.0 429148.9744519151 2.360823210116193e+20 4.629065118082421e+18
43.0 429148.9744519151 1.767618968857244e+20 3.465919546781866e+18
44.0 427074.99073023815 16237567451831.75 318761415939.4539
45.0 426657.6764612648 129721758440.44646 2553364353.3096476
46.0 424626.40686856624 832870058554.7971 16355909422.813967
47.0 417152.0332425748 6306124983467646.0 123649851691417.56
48.0 417152.0332425748 51151578364492.8 1002981722988.0891
49.0 415359.540470834 3466949483785.8486 67993863579.68091
