0.0 0.26527546025534776 2658579637.8486123 53181236.75487382
1.0 0.25661020197930073 11200446890.41203 219616627.19876578
2.0 0.2507309841808923 52696.366645653856 1037.944658712255
3.0 0.24247255491680694 5078.272563903461 100.69412637421674
4.0 0.23488013986385511 835.1497237562944 19.461402446189588
5.0 0.23036797966816808 200246.760171085 3928.1014442253154
6.0 0.2286826958577212 188.6818637568722 4.224737791997153
7.0 0.2213191637777509 11399073.777437318 223527.9451813774
8.0 0.22080047536346684 653686.3334458416 12819.415595733251
9.0 0.2158306656909398 393.5933133817072 8.831049625680157
10.0 0.2121013530214564 887089475.9331954 17393925.63320392
11.0 0.21093433048417332 3253.945351122689 65.70516581198775
12.0 0.20805008999741006 239842.35768703307 4707.652481721702
13.0 0.20805008999741006 6287.561237036018 124.12625661618307
14.0 0.20794543945437116 7466.319660788198 147.94882898262443
15.0 0.2068766494952053 1233.369825841739 27.02785399071392
16.0 0.2068766494952053 583.8012478112337 13.197402511000522
17.0 0.20337633241965983 321366.9694832209 6377.870089526862
18.0 0.20337633241965983 1167.411194993736 25.598964353573177
19.0 0.20288033968491692 730.2142125751918 15.029382322617964
20.0 0.20220465960954523 6144.676732510984 121.41336454696274
21.0 0.20185018805656496 159.84508649632406 4.7076577933046035
22.0 0.2013063774937241 140593.33552596756 2763.2125879797177
23.0 0.20120386662003847 4168.416802783988 85.50997929202954
24.0 0.20120386662003847 66702.75588657125 1319.1614731591299
25.0 0.20111516411797994 5731.593954706457 113.63571295793017
26.0 0.20111516411797994 1565717.3730881503 30733.537492880274
27.0 0.2009229042799158 26810854.16539142 525703.8590272751
28.0 0.2009229042799158 81694.67096412185 1609.7178737443705
29.0 0.2009229042799158 962835.6285411104 18952.68678197135
30.0 0.2009229042799158 24788.538548577566 491.5577084991002
31.0 0.19997647285191686 48151.230897013964 946.1746105215957
32.0 0.19997647285191686 272.4082960832488 7.148481466773392
33.0 0.19866866908618647 1149.2119511583765 23.30523667801837
34.0 0.19840232754450182 81862.18751600925 1607.2794770977503
35.0 0.19777640509261507 23554.161777336827 463.28205318333954
36.0 0.19777640509261507 20670.42410622188 406.2535147487155
37.0 0.19777640509261507 2572.9980819529196 52.00729751830625
38.0 0.19777640509261507 38709.6232343045 760.4525643085416
39.0 0.19777640509261507 15473.304709527978 315.471567203986
40.0 0.19771937824690966 3662.724359719173 125.17729849020303
41.0 0.19743332375823766 15184.277433145126 310.41000382576743
42.0 0.19627085943690503 8687.897817522084 170.87422254038074
43.0 0.19462624365857287 1751.0763446012531 41.12755979330454
44.0 0.19462624365857287 3792.9673279660506 76.03398033773374
45.0 0.19462624365857287 3090.775452862316 61.369303821522095
46.0 0.19462624365857287 1310.116811102191 28.281235969816066
47.0 0.19036794519057162 7648.976473376043 150.6980424534207
48.0 0.19025220583105243 487155.50860172004 9563.78552514389
49.0 0.18870067488019682 81803.07065938147 2054.330408511137
