0.0 0.2401715744359664 7879347140.169194 157600254.9040536
1.0 0.2364694450735181 253490.4960044027 4979.681989968783
2.0 0.2326714151900041 282376.92780244706 5539.239476235414
3.0 0.2311192691741099 28533.444858169147 560.2645818224468
4.0 0.2156107325976127 1021.7519382047656 24.789851453440363
5.0 0.2156107325976127 3165963.7591137937 62078.42138087985
6.0 0.21218473661062573 118.79784605916618 3.066472046846677
7.0 0.20998863787511732 344.17064233640576 10.170381599273352
8.0 0.2067695550794358 640.4657492458634 13.12475210804078
9.0 0.20472848818315212 16725.377512285075 328.923620387829
10.0 0.2030769472624546 240.27495574707766 7.074177727950259
11.0 0.2029510539035674 22835.814409938328 448.7532054573758
12.0 0.20011343741692064 993.2747859242583 20.62356652411878
13.0 0.19794701273908824 74487.68671278417 1461.094971136798
14.0 0.1939473098332137 539.4295255606359 11.250478125507591
15.0 0.19326525933084465 30771538672.82194 603363509.2592013
16.0 0.19326525933084465 4249005.959581821 83380.55643430585
17.0 0.19182914703611334 3680.01003196271 72.77098097832094
18.0 0.19182914703611334 5006.444962658254 102.79288971167936
19.0 0.1905637635638797 391.8682640691301 13.094670878418649
20.0 0.1905637635638797 491.7111306586849 11.230934432957778
21.0 0.1905637635638797 821519.1642410032 16122.591303214102
22.0 0.1871780074848917 773.4656036011118 16.560751111726155
23.0 0.18615588477057057 2455727.4553118316 48424.118932746096
24.0 0.1859746874092568 78159.39579649564 1535.1173854530757
25.0 0.1859746874092568 234790.84877238094 4605.31060994041
26.0 0.1859746874092568 1731630.5051538884 33956.34214403208
27.0 0.1859746874092568 145275.8041368743 2852.1617726217037
28.0 0.1859746874092568 200242.16199684332 3952.3093465910424
29.0 0.18226608951314888 949.8040007640858 20.007541504173666
30.0 0.18156966129551258 16525.77930305904 324.6320410138269
31.0 0.18156966129551258 17957240.01646153 352202.7638611591
32.0 0.18156966129551258 13822.193350078569 274.23592494068384
33.0 0.18066906315346204 3872.864794502182 78.11944564573804
34.0 0.18066906315346204 80760396.5494554 1591368.7868749306
35.0 0.18066906315346204 828.9057717380387 17.754202967460433
36.0 0.18066906315346204 473782.47468551266 9300.325854570725
37.0 0.18066906315346204 313048.4770725397 12206.619965690637
38.0 0.18028153668505056 137537680.4737514 2696821.9807830355
39.0 0.18017294022804412 59699677.312724866 1170582.8176588626
40.0 0.18017294022804412 88.14282461613965 2.999653258166423
41.0 0.18017294022804412 17005.48494181016 343.60661869757195
42.0 0.18017294022804412 1208734.260790945 23701.879784400367
43.0 0.17946238926748917 174181.38678362794 3416.6959289637675
44.0 0.17946238926748917 39579.94052964712 809.9219547154343
45.0 0.17946238926748917 2601320.3656815644 51018.79455753764
46.0 0.17946238926748917 1619831.0107952345 31776.338871625958
47.0 0.17946238926748917 170292.4757619965 3340.7936081558287
48.0 0.17946238926748917 65.19439793314221 2.1483468872669516
49.0 0.17946238926748917 279095.7247725125 5473.142461085733
