0.0 1.7822621556016527 72516881478642.86 1450493324608.9873
1.0 1.778071339169256 1403963.351029771 29568.042790249314
2.0 1.6930905739713724 236119.8346925341 4645.516065891816
3.0 1.6717638197488596 1030846.447318217 20216.443413844194
4.0 1.6551951863906635 51014.197845229464 1006.1495543272991
5.0 1.6136789349614136 145.1853589824191 5.420276709716076
6.0 1.6120927831250145 131545721.45019703 2579471.405669258
7.0 1.6102272423236677 39576.01070846585 778.2030735382903
8.0 1.589814047728846 22118.829570391063 436.0285650598062
9.0 1.5761030576312782 1787.503638335072 37.756120002816516
10.0 1.5506943542770406 258703.98603485033 5074.77716209114
11.0 1.5506943542770406 61938359.12962114 1214479.51744451
12.0 1.5291985250395232 398506.35792924947 7851.361047255462
13.0 1.5192684758646893 1098116468.031568 21531698.679405663
14.0 1.5192684758646893 32324.89676648433 636.194439086284
15.0 1.5192684758646893 261413.91748698193 5138.582782640424
16.0 1.5051969280955615 665911.815902956 13315.535793556839
17.0 1.5051969280955615 13222806097.300991 259270711.1217633
18.0 1.5051969280955615 78112.62924477404 1535.143139142198
19.0 1.488871326269196 21266.05084057486 424.0457230081218
20.0 1.4809553868041974 447055.7389235815 8767.654947056077
21.0 1.4710067285269992 26382130.623686675 517370.52010905085
22.0 1.4514469102025744 18832.097415084427 378.36202162676346
23.0 1.4332748116010225 934.1215055876758 20.661910019984102
24.0 1.396217280504318 219.31941200671153 6.1490498572373635
25.0 1.3877380565393882 31733420660.020405 622224073.4328545
26.0 1.3877380565393882 4965693.361355653 97379.15645556562
27.0 1.3877380565393882 12111.233879533032 239.27645832754664
28.0 1.3877380565393882 11914.672395720952 242.8923270496397
29.0 1.3877380565393882 3146.1258266893765 63.57916341720905
30.0 1.3872028385911865 4482.5979104341795 89.84901767490972
31.0 1.3872028385911865 1561880.0380152354 30627.129328822077
32.0 1.3872028385911865 64695.963626049415 1271.4023199367236
33.0 1.3665691158621092 1583477.4817272876 31054.559907539384
34.0 1.3665691158621092 188456.76110860708 3723.3117146106233
35.0 1.3665691158621092 513.0380306275545 11.54225642681243
36.0 1.3665691158621092 472181.12188176543 9261.48878355618
37.0 1.3564928604817323 22702.34946532091 447.8717385556396
38.0 1.3564928604817323 2721.957420334667 55.245571309799764
39.0 1.3564928604817323 10841380.587947425 212578.95586427997
40.0 1.3555837276130498 19658463.44473604 385593.26488324354
41.0 1.3555837276130498 21989.932639645085 453.0364984542041
42.0 1.3555837276130498 239122039.58667332 4688674.814129364
43.0 1.3555837276130498 549743.4492280616 10780.74690712198
44.0 1.3555837276130498 2104061.265007128 41299.83054067116
45.0 1.3555837276130498 3199.592262859668 66.15006911653902
46.0 1.3439162524878663 3816081.9933496127 74829.12352808457
47.0 1.3439162524878663 133750305.92060253 2622564.5725101074
48.0 1.3256019346761267 178807.4746320517 3508.597396397288
49.0 1.3253832690679084 19328.64127262588 380.52597514099364
