0.0 1.7219124745738972 7155705204703.422 143144734558.06247
1.0 1.6885060887209382 493192791.4243234 9673854.042651167
2.0 1.6488656471582295 107700.42926756127 2135.812467750443
3.0 1.6488656471582295 38166.02933596153 752.8182917298288
4.0 1.5155671046903185 644271.9384557208 12637.672590690356
5.0 1.456461844304955 23179.361033551915 456.55751353015273
6.0 1.4538784474341258 2937.2935048160916 59.42401837085885
7.0 1.3655992868074676 3758.076667091157 76.63669746486205
8.0 1.3602090827978226 2271.044092000518 50.70641295307611
9.0 1.3602090827978226 90158022580.81001 1767804382.0162246
10.0 1.3221505120381032 3269857.0635426147 64125.375855140686
11.0 1.3221505120381032 74253.8251237329 1561.253170522961
12.0 1.3001877597309317 2872.884138793207 59.410139405880265
13.0 1.2921467209027109 7587.827742963087 161.43262450534422
14.0 1.2921467209027109 3504.4024615595185 73.29946382315848
15.0 1.2714137968533723 1139335983326.752 22339922161.74155
16.0 1.2487617466472694 1439479.1356177935 51356.562372534645
17.0 1.2345494123821588 27435.629870849054 543.2215772247362
18.0 1.195983147582027 1094367.9370863389 21459.569204767347
19.0 1.191709970396759 10264782.105809953 201276.41321567332
20.0 1.1911367123895276 484667.5869767864 9517.795016049891
21.0 1.1911367123895276 91767.30215022346 1929.6542876987019
22.0 1.1911367123895276 250696.19222902908 4927.904337947038
23.0 1.179237125153051 1430.9947271541787 32.57751933417379
24.0 1.179237125153051 12750.750441969565 255.2224417569457
25.0 1.1782850621375014 25135.921948771083 495.00056194984955
26.0 1.1748293930117977 691.9445972446537 17.132669290213585
27.0 1.1748293930117977 81244.41155199302 1605.4808267554488
28.0 1.1713645903547907 7994421.054774021 156765.15356520674
29.0 1.1653900971962101 493.461824732919 14.120282268863049
30.0 1.1514935612700283 2837.579265963766 57.67474816167758
31.0 1.1395851513663915 304.16438829735097 7.622105711606827
32.0 1.1395851513663915 176679.81948505357 3468.075011048023
33.0 1.1266332162693329 64234.13353665765 1261.7174321947157
34.0 1.1266332162693329 2155394671.451383 42262644.490730956
35.0 1.1043120272065328 131264.6267584541 2576.957072834812
36.0 1.1043120272065328 7000855.364054235 137409.5883631107
37.0 1.1043120272065328 3507867746.765472 68781881.16716789
38.0 1.1043120272065328 8933.701886242656 179.54717048482846
39.0 1.1033519817848805 3410.0161611594585 68.89668332177452
40.0 1.1033519817848805 1115200.5816746678 23422.796229104097
41.0 1.1033519817848805 37410917.59110176 733549.8742729293
42.0 1.1033519817848805 6294911.297224424 123438.85446975971
43.0 1.1033519817848805 26813729.418327723 525797.0869053382
44.0 1.1033519817848805 8827050.48204348 173080.70014699304
45.0 1.1029666166241217 1441.1076838511012 29.857312433931874
46.0 1.1015954510066244 1681.262343987439 37.144570815986675
47.0 1.1015954510066244 7841.224446641415 155.01616838734336
48.0 1.1015954510066244 24269.851395537473 477.49381440003395
49.0 1.1012518203772546 696330.0214424826 13655.055675836678
