0.0 1.8188016498714286 2584103244919.782 51690231046.307175
1.0 1.714418310275633 9214291.210583333 184100.14862894552
2.0 1.5992164510568898 92638032.21559435 1821481.1082737239
3.0 1.555214413301979 6892816515.693812 135153272.35819492
4.0 1.4705940518504677 52739.615289017005 1045.7506897333055
5.0 1.4432264737860077 5749679.072221444 112839.31680019588
6.0 1.4346048499134625 5562228.909193212 109249.16729945183
7.0 1.3310719336776147 1827.5465011753229 71.78937478364551
8.0 1.2718267994822123 8009174.324865969 157107.3521614827
9.0 1.247716627011343 12108438.875199597 241030.5651972316
10.0 1.2378170714710939 5493111489.212163 108286254.83673948
11.0 1.218292632638068 2054568.341192 42366.22655650727
12.0 1.1743399447472922 15119303.960773809 298356.77265541506
13.0 1.146430421215179 393559077.3766428 7717699.513487342
14.0 1.1042530120144316 746827.2502208392 15008.28117796189
15.0 1.0953982776475644 8859600.134604916 182585.4196908841
16.0 1.0933593820200707 1428964005.0048401 28018994.031390376
17.0 1.0832905826785113 459669037.7657092 9013136.412214573
18.0 1.0686959797279934 22802488.709054187 447180.54019284435
19.0 1.0492050323553843 1492987.7826471014 29298.369161554743
20.0 1.0429220060246018 1395868.1494173196 27423.62499017205
21.0 1.037944013954036 3349595.514709209 79155.47632789254
22.0 1.0376992597685086 23723.76231238628 537.6270032615746
23.0 1.0376992597685086 92013675.8972011 1804645.922219526
24.0 1.033993513797369 19346951.98235454 388620.256255284
25.0 1.033993513797369 429607.8362145021 8439.44870178689
26.0 1.033993513797369 286584232.26526576 5619935.832817408
27.0 1.0322757123601727 8271257.742315075 162210.37704078428
28.0 1.0317845580367895 9654744.536059197 189704.6360018328
29.0 1.0278527283075478 9958696.534643412 195288.45334840106
30.0 1.026146763540134 15140483.390645184 362590.8096941994
31.0 1.025571433619077 61206994387.436516 1200156840.4301996
32.0 0.9898997728506675 745685.90281838 14830.951637192822
33.0 0.9877958122175013 689173425.4497923 13513656.796339327
34.0 0.9792958773573583 102190937.58678252 2004893.8887306054
35.0 0.9792958773573583 1258189472.6710923 24671188.841015436
36.0 0.9791540152854146 1516010368.8711374 29725720.245492805
37.0 0.9791540152854146 5340086.2650722135 104912.03528558972
38.0 0.9790821130405749 24395640.087168455 536839.1185372329
39.0 0.977397377651455 809641356.8639268 16125506.260296231
40.0 0.9773371825545912 7426182.748412668 168113.48308620724
41.0 0.9769236442216181 355390.4156542897 7297.27895724896
42.0 0.9738093487324944 1174400.583177273 23074.47683985127
43.0 0.9503364218067023 147880.09474441325 3002.9651462291154
44.0 0.9416470594376377 674398.2811856761 13593.893002340146
45.0 0.9416440378701687 38595576.786523424 757253.2930710765
46.0 0.9382271700096786 22686892.426109247 445676.1880557436
47.0 0.9382271700096786 32215922.13201877 631843.3548357369
48.0 0.9382271700096786 104686325.04329273 2053603.6858991152
49.0 0.9363822284015378 13430459.789253565 263472.55330435117
