0.0 592292.6087853996 5.005137195457036e+28 1.0010274390914083e+27
1.0 590557.6359094516 2137344670520373.5 41914781377467.83
2.0 577539.1123639321 8.254632202931587e+16 1618556831225625.0
3.0 558536.4457193248 3.032817527325741e+17 5946701035189427.0
4.0 545277.8566164809 121807789627690.5 2389167400421.5103
5.0 535912.4908967636 50751210248659.0 1315202512232.961
6.0 524773.2123369558 6.322125852777654e+16 1239633124040989.8
7.0 522246.57721582905 721914234023675.5 14155209700548.707
8.0 519500.78483149107 2.5575622575660717e+17 5014827961356205.0
9.0 515006.5278813032 2.4619860930590697e+21 4.827423714206008e+19
10.0 510032.6201591556 137692593200.54306 2710437967.5468674
11.0 496542.6572038183 139763581084414.95 2740482517865.08
12.0 493565.2143620094 1.1968161285796759e+22 2.3466982913355917e+20
13.0 484688.04822408187 2.0345982945636605e+21 3.9907531893115994e+19
14.0 472894.4133745498 65077199073517.63 1276026417317.0745
15.0 469038.9483985759 9.800979120875016e+23 1.9217606119387948e+22
16.0 469000.30251565215 3870774009664.131 76268179462.80972
17.0 465261.49555577553 5.859341438999972e+23 1.1488904783242604e+22
18.0 458536.34272780624 22092745204876.902 437273214811.3383
19.0 449050.3263365109 4.0065231032718126e+23 7.85592765347472e+21
20.0 447348.73168054444 7.011887913729905e+17 1.374880024884375e+16
21.0 447231.80844262143 3.5818234298279915e+23 7.023183195741197e+21
22.0 430221.09399928304 1.7512683503172152e+18 3.4338604032072584e+16
23.0 429986.8948101109 17349636967673.031 341159203294.2227
24.0 429707.9735213115 3.621405759895746e+22 7.100795608631598e+20
25.0 423114.62930903153 3368398179078802.5 66047133982176.03
26.0 416388.17972857127 880973690990138.8 17276079642614.396
27.0 411418.9705725781 1.589048525843228e+20 3.1157814290319995e+18
28.0 407326.30646496144 5.848931452117495e+18 1.1468493306663802e+17
29.0 405975.7206172704 2.5090528129774493e+17 4919711474087952.0
30.0 405423.7461454854 2947577331833088.0 57795724319421.34
31.0 401688.75834146293 718258486868.8805 16427982581.43026
32.0 396233.8261759214 88243513379159.36 1730880314735.0437
33.0 395514.02221920795 127589901475160.72 2503063132484.0605
34.0 393660.5642908777 1.1827026240083182e+16 235504997801199.34
35.0 384299.85751768464 592006899093018.2 11608182597902.406
36.0 380088.63837273524 5.650142014340784e+20 1.10787098353761e+19
37.0 379927.6418713622 1.1303623422981722e+16 221642147222117.16
38.0 378390.57235791726 299203927534126.3 5867016649229.807
39.0 375628.60082249774 113069632472655.42 2217219947851.4424
40.0 375628.60082249774 2.0561846923445563e+18 4.031735593948703e+16
41.0 373564.3300604965 316472198597419.7 6217375226372.298
42.0 372694.28809789807 768562606272566.1 15071696096210.668
43.0 371122.2217547154 9.756703197133345e+18 1.9130790636616323e+17
44.0 371117.84965486877 3.875234273858445e+17 7598498614065001.0
45.0 367035.7778284125 2836569581772670.0 55631356651372.21
46.0 364933.4940141087 190405710015664.88 3759539139936.407
47.0 364834.82519694127 720129691037757.8 14152384275798.27
48.0 364834.82519694127 5674557333834389.0 111796583575370.52
49.0 362687.51051185967 2.0523976355805005e+18 4.025386198460939e+16
