0.0 565146.5954142377 1.724799107611051e+22 3.4495982164708563e+20
1.0 564569.3337303494 3229387533136846.0 63321345979894.766
2.0 564555.7008503634 31481981147627.63 622134980486.7808
3.0 554081.6134165268 1.7936851842726816e+19 3.517029846934906e+17
4.0 533427.7544156929 4827573030967.988 94870990904.87039
5.0 518820.36669309274 4051744986088578.0 79446025382787.72
6.0 494887.6977070766 2.111972261010155e+16 414112734345573.1
7.0 478977.538794512 3.109272563014001e+17 6096613003719449.0
8.0 468102.70959026495 1.927471993630611e+16 426273662997120.94
9.0 458287.2973739614 18553558426350.85 363830135901.5078
10.0 454779.238320721 9.48825653327112e+16 1861306634965260.8
11.0 452954.23452524137 2.10369516143275e+17 4126152815625693.5
12.0 446899.09192722436 3.6504896316893736e+16 715782285875308.4
13.0 420478.66598485893 6.028271545996347e+20 1.1821051907332422e+19
14.0 420478.66598485893 299628178046229.44 5875706591517.616
15.0 419418.68486735417 2.973861684574255e+17 5831112497679722.0
16.0 418566.3337672601 1.4151945610432362e+16 277504595799283.56
17.0 417149.0289180741 4.234155425265928e+19 8.302266579212908e+17
18.0 417149.0289180741 1911977780631291.0 37490045842122.586
19.0 413058.217701726 47866591912745.89 944147433525.5092
20.0 405858.437229811 7.100500152456448e+19 1.3922549322612682e+18
21.0 401115.78088983666 4.381398120081161e+26 8.590976706041556e+24
22.0 393817.3345357235 8.631960057512504e+16 1692541211515858.2
23.0 378815.46473029227 7.956374973556856e+17 1.5600735339459206e+16
24.0 377174.09165776306 3.6155309112523493e+19 7.089276390394486e+17
25.0 374846.43308092054 2.640203609883789e+18 5.176870453670184e+16
26.0 374846.43308092054 2.9158405232175423e+19 5.7173343612372915e+17
27.0 374757.75132879015 351243632884539.25 7052363617457.612
28.0 373975.0615414179 901533234830190.4 17677786710185.004
29.0 373311.5318302987 1.7356096535382914e+16 340315823924606.75
30.0 370663.9185316145 5.6684684470296125e+22 1.1114644013801472e+21
31.0 367493.2865067884 5.075316410403354e+20 9.951600807134472e+18
32.0 365940.3489816536 1.6004418892958403e+17 3138123695741980.5
33.0 365895.9579980398 2.307974100343014e+17 4525452087205255.0
34.0 365895.9579980398 1.2783758670829954e+16 250664641602119.9
35.0 365615.61917081306 8.270487145663185e+17 1.6216641501562212e+16
36.0 365298.4205601906 7931286826950961.0 155515530735946.56
37.0 362655.36523449834 142226599774457.62 2788775502463.928
38.0 358975.8955380357 3.538726500151002e+16 693965545759656.0
39.0 357850.7792857951 6.536956840056373e+21 1.2817562435477332e+20
40.0 357459.38932210405 3887549451339403.5 76226666788543.7
41.0 355983.1956060611 1.7427359272889766e+18 3.4171293071820132e+16
42.0 355983.1956060611 5.434396034396915e+20 1.0655679845525647e+19
43.0 355934.17408676655 1.7327148387380786e+20 3.397480077300829e+18
44.0 355934.17408676655 1.2779434980919862e+16 250590732426397.62
45.0 354086.7285057284 814523040330346.8 26467406138134.426
46.0 354086.7285057284 3.979784670100233e+19 7.803662288622611e+17
47.0 354082.84181994724 533164346649243.9 10672293011448.209
48.0 352742.28926594555 2.3249662308385284e+16 455878910226945.06
49.0 352228.61277853075 132605683255464.7 2600588040273.735
