0.0 572500.4854931538 1.7330456729148048e+17 3468353554670194.0
1.0 550675.3808865977 6976433187406675.0 136792809137438.81
2.0 540230.977229523 57491578184625.97 1179205591664.6958
3.0 518960.6376541717 175690083568354.56 4183156438494.0093
4.0 503343.08740927646 58683332259.54713 1171929760.592996
5.0 494701.0545269484 50836125611203.914 1013988923020.2604
6.0 493337.27152569045 220368539494370.03 4958535588653.556
7.0 480241.45554827125 1.1159092227074582e+20 2.188057299804622e+18
8.0 476208.7695925572 1.033485514638779e+16 202653861819863.78
9.0 469962.86386391486 1113373867914287.1 21830863614282.035
10.0 463935.3561980946 1.3738489152093048e+17 2693825258676734.0
11.0 460801.3761322891 3.301666003287345e+25 6.473854908406576e+23
12.0 453455.06312301266 16195753396105.676 317575491226.26953
13.0 451470.3857316634 76778542848.37526 2236421808.8637085
14.0 450977.4770848639 237079420876466.5 4650987375189.58
15.0 443119.16382241144 166017372514658.6 3255422370023.331
16.0 435998.6621463907 4095603136665.955 80386203279.1442
17.0 431305.0076801903 7978737524097231.0 156446193988598.3
18.0 431305.0076801903 2.828205580182225e+18 5.545556019056217e+16
19.0 427784.6809988121 9998970531302528.0 196058266187811.66
20.0 424053.72476249345 68459493812283.16 1342364678250.1345
21.0 422030.77468398697 4339657040112368.5 85094971845401.39
22.0 421973.2623040823 33058678584436.734 682872489659.7333
23.0 421675.42039811425 5050437139291060.0 99028407567400.14
24.0 420806.4334923445 4.7797887930747046e+17 9372329198829622.0
25.0 420792.7005604591 1.3201523405884845e+24 2.5885340011583293e+22
26.0 420351.14896738046 1.8244996809429678e+19 3.577450414235733e+17
27.0 417653.87573046144 6.5416270672662264e+16 1282672719563488.2
28.0 402164.47166100534 1.7133832723555622e+16 335957728371593.4
29.0 389087.6100088925 5.562336158248553e+18 1.090654153042481e+17
30.0 389087.60609163437 1044832241978030.6 20489698303409.434
31.0 388790.45074907236 3557176621086292.5 69755660841622.875
32.0 388789.74015349377 1.0868937073612229e+17 2131172647592132.8
33.0 387710.51926130324 35979071231185.87 709583528539.635
34.0 386954.7277534369 3084672712281935.5 60493422693167.03
35.0 385740.396714716 586234902563.3964 11675422272.011986
36.0 384985.19864194695 17734499318938.113 347795169021.9695
37.0 381399.1559058505 2498774117913.5386 49125678068.004425
38.0 379711.1687704314 4487077427309.546 87994209457.85425
39.0 375922.6477010847 3.619341633916761e+17 7096748484447365.0
40.0 372906.3694323663 113792983105.9264 2253850420.7678485
41.0 372175.07598160877 7018227250432855.0 137612304395840.8
42.0 372132.9545780112 3027578387880.2065 59551136249.34457
43.0 363012.4586981326 2.105865077818863e+17 4129147548135067.5
44.0 358447.8876832061 3075960003267733.0 60635518488605.04
45.0 358447.8876832061 88321803377589.22 1733434066515.1758
46.0 358165.4295889841 1.5865737647297598e+16 311092995416273.44
47.0 358165.4295889841 5265152004452.135 104422476265.79036
48.0 358165.4295889841 5.55617036377363e+30 1.0894451693673784e+29
49.0 357973.6949053463 6.669041973181623e+23 1.3076552969784937e+22
