0.0 1.760554533320938 14309749278176.197 286211847401.837
1.0 1.7033738022438127 8233930.2325169435 211474.28530679358
2.0 1.616860515086773 4776791.650140778 93939.89112228379
3.0 1.5670050949995544 103314307.75231856 2045522.9907541662
4.0 1.520526953605358 3710270.340540519 72906.7239272624
5.0 1.520507500057831 1058518650.4368103 20755274.479134556
6.0 1.490749368756518 32335004.110059083 634134.4648831157
7.0 1.3792689577497226 166797018.36014614 3270632.5964233633
8.0 1.3102168635088913 1270544233128.465 24912634496.2105
9.0 1.3032039346905526 1308868.3574804286 25741.00687047091
10.0 1.3032039346905526 6005584.821139296 118337.7298648388
11.0 1.3032039346905526 11864760.85730284 235430.51112723548
12.0 1.2989427029091452 21603692.63609583 425438.1112780545
13.0 1.2969339878361703 17324849.291694187 355487.1208518738
14.0 1.2862355614692544 30811432.281391617 677297.8674036603
15.0 1.2851690476667428 539695.5537788208 10782.225305065214
16.0 1.2851690476667428 123198572.45003897 4647576.8002230795
17.0 1.2784509729637739 55369224.105660945 1108479.7965030423
18.0 1.25258269693311 1768767477.5559776 34681940.13152055
19.0 1.2313269109770246 13150506.647068579 258776.74141489275
20.0 1.2254506333456738 32687883.21069627 641342.8716829236
21.0 1.2128801072644035 33747177.526730135 661903.169866443
22.0 1.2128801072644035 1085267640.3949592 21280731.9352411
23.0 1.2035140685035448 488535.1253094033 12422.624787378621
24.0 1.2035140685035448 1682377.7363281802 37852.76771801033
25.0 1.2008670400049766 2299178362.7980013 45083373.62370482
26.0 1.2008670400049766 18366433.607514493 371051.10327588854
27.0 1.1834460748108162 14835615796.174168 291114801.60837084
28.0 1.1691793075659345 3201598.0927918525 69644.22555824708
29.0 1.1691793075659345 440388.861854905 8812.555395212645
30.0 1.1642215131065443 20864850.437378053 416014.66620019986
31.0 1.1191887558206883 15420569.461270351 303945.0626438875
32.0 1.1191887558206883 4956462671.737537 97186199.42811728
33.0 1.1160713290204363 1487370216967.7827 29164129865.25752
34.0 1.1160713290204363 175264030.7818054 3436651.0220661815
35.0 1.112023694349241 58412306.649920896 1145602.3403730702
36.0 1.1069042831071083 63664182.657527275 1430717.6470370227
37.0 1.1018961731126493 5580873.624869683 109933.95789324415
38.0 1.1011532232759322 69566639.79259801 1364876.1348360523
39.0 1.0939230897576901 1832585236.3878226 35933354.14055427
40.0 1.0939230897576901 1974015110.582042 38709717.07742824
41.0 1.0939230897576901 204637600.49892086 4013770.6429659855
42.0 1.0915500718531996 1155332569.2574008 22654855.44845722
43.0 1.0849314592354038 5306597921.589873 104052983.4587777
44.0 1.0849314592354038 18821219.10292185 369293.0806674682
45.0 1.060650407880927 78029963.7275272 1530863.9412390206
46.0 1.0580966483936298 222708672.27782816 4367596.141676252
47.0 1.0559294694666486 95785522.5340007 1879496.843635376
48.0 1.0559294694666486 13409617.569229309 312997.65879884124
49.0 1.0537319270899312 324441.85776735755 7733.446060675541
