0.0 1.7201386924444184 1152515507157.9314 23082981047.460667
1.0 1.7010129040142925 142614147.44755453 2796443.4819918987
2.0 1.64616813270554 854121.8703060219 18013.71253272491
3.0 1.5544404268275163 2691454.1834082655 52804.8240751107
4.0 1.4987072976838585 1038453.8645969416 20393.75095923225
5.0 1.4858732687822112 1587695.5124978917 55786.0679386414
6.0 1.4343043542685612 540856231.9424733 10612520.29655876
7.0 1.4099231568555035 121137273463.16069 2375314627.4538713
8.0 1.4044241658198389 471286317.120145 9264374.77760933
9.0 1.3819954560434746 332425767125.2582 6518207823.14319
10.0 1.312111631469344 27078423.79173092 531756.9142798382
11.0 1.3093802729436708 6311307.560151747 163319.45820501965
12.0 1.3093802729436708 62891375.966246285 1467956.8377013723
13.0 1.2752955260338477 4895417723.247598 95993250.82115816
14.0 1.2656386759260128 133039111.51105551 2835333.10030187
15.0 1.2640501477075894 706712016.6572431 13858039.159725344
16.0 1.2626189186938013 1196855.732041797 45432.85562527452
17.0 1.2626189186938013 289178658.14804226 5693227.97867189
18.0 1.217292577109544 924339076.3848381 18127508.44858677
19.0 1.2167871078204777 27314221.467180155 577990.6133714768
20.0 1.2167871078204777 13421871998.12658 263196596.39464852
21.0 1.204766084072289 112673464.75847553 2212637.3076118296
22.0 1.1607018417278352 462629500.1973211 9076535.685527716
23.0 1.1607018417278352 3827744.1567138406 75142.30658453188
24.0 1.1419880282261334 12948752.89249714 265785.2227172864
25.0 1.1419880282261334 1422886984.8953874 27900786.46893803
26.0 1.1419880282261334 110122176315.86008 2159258496.8829455
27.0 1.1419880282261334 1505742.3674630641 32891.35418239532
28.0 1.1354696926997647 211804.0419453193 4441.823201891062
29.0 1.1354696926997647 8151743.249204715 160498.62098716034
30.0 1.1311370155451537 8637210226.862492 169357377.31687865
31.0 1.1307093106313273 3949868.2151498822 78437.18672369608
32.0 1.1305720082754187 6889729.31439871 136555.27281059689
33.0 1.1305720082754187 25431420.541472018 503294.72689388477
34.0 1.1263064060821923 54988858080.775314 1078348924.9125543
35.0 1.1231477096464977 498567187.489042 9799454.371183135
36.0 1.1225749180063171 23194522.9280585 455530.9124599536
37.0 1.1225749180063171 29946663.15897389 610689.9250389774
38.0 1.1144475125498619 330354598073.1539 6477556902.29632
39.0 1.1144475125498619 1945664.9508318726 38261.37104026971
40.0 1.112482681231166 51004605.1357077 1143400.5516728736
41.0 1.1018451211871294 198500.19216865068 4711.82939499437
42.0 1.0913916862765174 2958856956.679223 58277820.86542307
43.0 1.0906350897617492 1044656150.7515756 20483564.928561714
44.0 1.0906023384235781 5312463590187.436 104165955193.61205
45.0 1.0906023384235781 17689764.993457597 347929.8713957201
46.0 1.0906023384235781 8140496.075233158 197872.52728546175
47.0 1.0878512715973743 6299768.899830743 124315.32695476749
48.0 1.0878512715973743 718540.2877247041 16722.36647246301
49.0 1.0878512715973743 20971486144.324512 411225903.1313273
