0.0 1.9078945431276753 860702117990.5896 17231395739.86592
1.0 1.8112626493112367 3358718.107046583 65906.54716361161
2.0 1.7099477730971733 5052132715677.451 99061426089.52086
3.0 1.5967401968929726 2066629.0357329368 40548.32716260492
4.0 1.5489616651695792 50062.693985061276 1001.041524408613
5.0 1.457966497940106 557923.0298374952 11003.417398417214
6.0 1.4044273873454465 361294938.716028 7085069.291630513
7.0 1.359956343543948 2406853.9530881983 47220.471841755
8.0 1.359946579531041 1468935.9852690026 28812.656359602315
9.0 1.3183100844580724 9953884.775818195 195182.96543303254
10.0 1.3143671294391346 224865.84535355953 4417.355975386955
11.0 1.3081012110182038 1256854.1030124093 28651.324294403163
12.0 1.2734064101005556 736292.8949784373 14448.034831384737
13.0 1.2675219962638928 689787524.7949787 13525361.752002904
14.0 1.2663985421359822 141945405.3487996 2783297.5426755454
15.0 1.2077991771704377 112078.66955229288 2214.707150236465
16.0 1.2077991771704377 109548824.85945593 2148057.9788586227
17.0 1.19921053451613 14456620.54449683 284761.14772724116
18.0 1.1858800062682262 574527.1230014848 11279.315474226476
19.0 1.185172618223683 15243877.218658209 298942.1941221144
20.0 1.185172618223683 156067.90441262414 3198.9955344986815
21.0 1.185172618223683 31063.585760807942 615.8546800475913
22.0 1.1841224967660122 156324893.393283 3065397.228023547
23.0 1.1764670833824022 57906685.838828124 1135449.3465796078
24.0 1.1437913859204512 16975.985394305822 355.4385375917087
25.0 1.142504379509011 69192764.60358259 1356725.4793345272
26.0 1.1254654376619169 114346.86898190022 2264.339310746504
27.0 1.125440510386828 7897016.586010629 157861.39929641903
28.0 1.125440510386828 4591322.652463805 90058.02237853812
29.0 1.125440510386828 8695917834.605124 170508206.78429922
30.0 1.1089869887566046 11430459.760679431 225081.4074324447
31.0 1.1089869887566046 1049102.0738647263 20647.796757428103
32.0 1.1074773288813344 21254.868482225334 443.12647967837614
33.0 1.1074773288813344 769407584.9153385 15086693.607415302
34.0 1.1047077302466923 3029460397.9939637 59401217.029480666
35.0 1.104218338217207 3296836.3817773745 64689.39946731707
36.0 1.0841996880334046 221119.52405854125 4362.296556698097
37.0 1.0841996880334046 3928263.528630282 77056.44860981654
38.0 1.0794708080106996 435926.2744607271 8558.471436053638
39.0 1.0794708080106996 183577.2197847758 3671.075945756334
40.0 1.0745460272794416 5793.723465211924 138.03994383362604
41.0 1.0674905594310515 1747585.3547107985 34447.02891323414
42.0 1.0663712806405883 374268.58309873403 7373.847366764905
43.0 1.0663712806405883 44694.11143908974 1118.0622636979226
44.0 1.0657963797981151 29503238.894630887 578593.3628873692
45.0 1.063231744410511 6733.134329154957 155.68108074273084
46.0 1.0617566950018016 91637497.30865064 1796846.1941550823
47.0 1.0617566950018016 17820651.381893616 349744.13346904743
48.0 1.0614438045613597 9664786.989339234 189810.5340840802
49.0 1.0541428518603637 1642342.4800518588 32224.678201917966
