0.0 562339.9661484797 5.629488454831498e+30 1.1258976909662998e+29
1.0 542014.7728070216 83533803398.96625 1639974817.2822082
2.0 531385.9008681397 1.2841396422207471e+23 2.517920867099504e+21
3.0 515010.5384377867 7.140341085198172e+16 1400066880251698.5
4.0 514500.67469982686 3.346143686952425e+24 6.561066052847896e+22
5.0 511709.8162072612 658457834508203.4 12910939857817.83
6.0 504368.1406746894 5430862889807467.0 106487544358342.72
7.0 486698.0733957194 301237826259242.25 5906695171007.489
8.0 477752.5820891866 4.1980059610269e+16 823141160819577.8
9.0 474557.9138034682 1.3201186838315133e+19 2.5884680077576915e+17
10.0 467420.26813082106 60539422664557.64 1189466491296.522
11.0 462193.5917557345 5494876264785115.0 107743463032747.84
12.0 450391.5489121831 42723669437.67277 895200024.4133371
13.0 444251.0836914365 4.5984838534583987e+18 9.016635550432165e+16
14.0 433338.4167850261 832796507138.2537 17384880246.54474
15.0 425422.52507418185 2.332960571571321e+25 4.574432494682742e+23
16.0 411687.88823645475 51514279201533.88 1010597886102.627
17.0 409336.75358358235 1340676546158923.8 32603461249596.977
18.0 408332.9988582219 1.2180683631717346e+17 2388370843329983.5
19.0 403479.80451143 131715952595278.3 2582708028005.763
20.0 398438.29224692244 3848000615193154.0 75460089566006.02
21.0 398395.77944443666 70168949253365.29 1376245920054.32
22.0 393208.2069107164 6.562571289675575e+16 1286788624785615.8
23.0 387410.12981796206 2.314240594386197e+16 453843327719203.6
24.0 383618.5644530729 1.0018459402639954e+16 196440675025964.0
25.0 382232.75673848396 9825461994478326.0 192658176429117.1
26.0 382232.5663730713 695863347501066.1 13644380786969.176
27.0 382232.5663730713 57776496078551.875 1133684205360.6948
28.0 374340.588823908 5.487507944463104e+18 1.0759825427449952e+17
29.0 368948.8939909475 6292132121874547.0 123375174671288.89
30.0 364699.51570221776 1900043819546.3152 41035619475.006096
31.0 364380.2379468476 420826010177.4244 8264997271.071331
32.0 360275.2508557935 7204107932713.363 141373475473.17297
33.0 358964.92614945996 191776662581538.56 3760370243132.2637
34.0 358935.30200100166 7.529440083858382e+20 1.4763608009725182e+19
35.0 358559.2014938362 1.6365031063279357e+17 3208829782319361.5
36.0 358536.7774140161 2527965789966119.0 49569265043456.9
37.0 355047.5787038996 2.9420992685345174e+19 5.768823284164899e+17
38.0 355047.5787038996 5.510776918118295e+17 1.0805445024420226e+16
39.0 354347.7981711496 336495429907611.3 7111145754919.922
40.0 353225.16435867676 1343690818639.061 26389665927.6396
41.0 352346.80256687064 4.15359206411371e+16 814433777482847.2
42.0 350889.2231520423 1.8248387423239027e+17 3578115300918786.5
43.0 349666.1519362943 32824171741202.55 644003718923.9315
44.0 349665.708905383 1.1409702869240053e+17 2237213219829221.2
45.0 340668.9978109896 14788227582762.664 290003346456.4043
46.0 340668.9978109896 1831347336502577.0 35933200549589.16
47.0 340532.66055620345 1.7727356209460774e+16 347754758162230.3
48.0 340185.5388337672 1.4161804866219533e+18 2.776825077459089e+16
49.0 340185.5388337672 5.009820161453793e+16 982319656975588.5
