0.0 599553.5415064262 5.939792629176243e+20 1.1879586661419026e+19
1.0 597699.1801415517 325455567939.9395 6408841161.859046
2.0 596761.4792641039 2055098669628.6028 41497527434.85721
3.0 596357.4820975163 43314490014858.39 849304395644.9625
4.0 586816.7765403537 1.3570882049139692e+16 266095743373474.1
5.0 584323.6207811788 2.657264594023065e+17 5210323536264674.0
6.0 580706.2808402987 40865059224.55618 866252220.969268
7.0 575531.6590107215 447231434235.5024 8771275425.063665
8.0 571930.2743152906 739064757229518.2 14491522556055.998
9.0 560117.9301980094 100541463330854.22 1971621533301.8096
10.0 558575.1248050218 2958398886250.358 58073725038.468605
11.0 543038.6863811866 3.3321745696931706e+17 6533677455145017.0
12.0 541747.683982074 3040875538856.4688 59652710492.54036
13.0 533331.637714629 46437185680280.63 910534027931.2805
14.0 524340.2726043164 23130181696652.043 453534451344.09247
15.0 517093.54404718097 5777959298026.904 113312229578.06769
16.0 516612.99131728726 982375828185.304 19263920833.18203
17.0 513910.0278732028 2.17958558335393e+19 4.2736972225230394e+17
18.0 510235.7884498254 2322594912426542.5 45542071839516.29
19.0 504180.62977554667 2.4257176379698896e+17 4756309096364921.0
20.0 487687.9424190437 884346192858395.1 17340126566015.629
21.0 486893.35320675955 36285859069635.24 711490976045.2781
22.0 485487.88503931934 147284807859.9592 2888903783.320511
23.0 485405.07188154274 293995561146416.25 5782919761030.314
24.0 485391.9755680469 958045005893369.1 18785201158887.676
25.0 476392.3296741785 390504573793.8749 7658922893.220395
26.0 464352.4244270325 13324168314866.09 261276549985.6219
27.0 464138.10613778274 1015469013926.3002 19913832444.00932
28.0 456842.75356467976 1.9306210719581782e+17 3785531518546294.0
29.0 456297.37123812805 390248097.1939109 8393741.484763544
30.0 451131.04302194464 43274281846934.91 862061062176.0203
31.0 449039.4372837778 7762481506875462.0 152490770524068.6
32.0 438081.47351108346 6422310061077.073 126127608307.06416
33.0 434823.43354818266 231097112344894.56 4532105872976.692
34.0 434237.8669362822 1.9532759718442824e+16 382995289145529.1
35.0 433405.9114257356 118571817062.9734 2326105786.8672657
36.0 422427.4444702074 1.9854364184868675e+17 3893012641147531.0
37.0 419907.1721741274 2.3630926921163383e+19 4.633515082740224e+17
38.0 418671.9370850885 706797392116334.2 13860029109191.787
39.0 417902.30225495424 264198843314.24667 6739285779.531171
40.0 417902.30225495424 290205952397.9154 5699028618.088587
41.0 417766.2737999517 89530907219.74962 1756537614.7050781
42.0 417766.2737999517 142552802382.32138 2850550954.689102
43.0 417313.9636469895 4550596093726391.0 90003807725841.17
44.0 417298.0225409781 1.5471628744689792e+18 3.033652696211675e+16
45.0 417286.1698250759 83658594117819.89 1641280760566.8818
46.0 410412.0140449133 1.2329352929420512e+23 2.41752018223932e+21
47.0 409883.61765250633 6743360614845.435 132230279955.13556
48.0 403054.0987524961 879060576908.0769 17242821626.20731
49.0 402966.6003619343 429150018983.3758 8468863833.439518
