0.0 585023.8343213771 3.600947691399154e+24 7.236381737381517e+22
1.0 584033.4239971506 5022977082.580295 100328935.60258627
2.0 568999.5669712559 9.720173462568042e+16 1905916485530777.2
3.0 563978.5850141426 1478572359325.2268 28992864339.81803
4.0 558953.749415292 3.092020135331001e+17 6062784581384019.0
5.0 539653.1235037534 2.2436556142611695e+23 4.3993247338454566e+21
6.0 535791.0278334637 1.0911069832874776e+17 2139425473018883.2
7.0 532165.408695124 108615816081078.7 2129727658854.8323
8.0 519901.3771460499 176222243071758.2 3510443361371.342
9.0 503351.2731214404 2.0647198381944727e+18 4.04847031201138e+16
10.0 488004.4068720645 5022783052681122.0 98486023249928.45
11.0 487882.125863725 533883128325636.7 10468320092826.17
12.0 480816.267762025 178739560828366.7 3572384750873.1865
13.0 471651.8036746409 1.1473125310392118e+17 2302332028604879.5
14.0 466521.26141819445 285825970354.41486 7981788423.678985
15.0 458653.9034672464 220227379393504.97 4326054670011.606
16.0 457369.74422180135 24927712475440.0 490015891236.5232
17.0 451913.598349386 1781605806060188.8 35082005080644.74
18.0 436642.9510375532 11550383311169.412 238137950206.27512
19.0 431123.039297205 4.4429705027977036e+19 8.71170688024109e+17
20.0 427456.54111210356 5.563712345818906e+19 1.0909239926743604e+18
21.0 427194.5634054369 6.469129561356579e+16 1268458575258579.5
22.0 420698.9221974233 9.439195220301462e+18 1.8508226592156688e+17
23.0 418269.1337139175 569643205308388.2 11175245130970.22
24.0 407426.50058869837 332018668091865.9 6514729760628.843
25.0 402131.3758022707 9.271299146897896e+27 1.8179017935093914e+26
26.0 397403.00277658395 11027318985875.402 216728248825.485
27.0 397403.00277658395 7.003400974276019e+17 1.3732159657256032e+16
28.0 397078.8260735402 2.2668630169202875e+18 4.4448361688752376e+16
29.0 397078.8260735402 2111828488995316.0 41409722820172.21
30.0 393187.173828215 9.131962729097528e+16 1790581734146817.8
31.0 392907.06402082014 91921451250298.17 1802497248788.6897
32.0 392867.68426553975 5.586656744372328e+21 1.0954228927018289e+20
33.0 391835.9269461138 6.76208088164865e+19 1.3258983922174495e+18
34.0 391016.4837379759 4841784898057.483 99278066067.18448
35.0 391016.30661958235 7.492600190450142e+18 1.469137509924176e+17
36.0 385881.84706297907 125536175610561.84 2469201379585.1377
37.0 380992.8266965447 2.4459250532964306e+20 4.795931477189e+18
38.0 376764.50788204244 459097734635670.75 9003821174335.89
39.0 373568.0369985994 138205296521186.19 2709960350535.3076
40.0 373281.22167791 5888992808980.923 120012210184.06973
41.0 373281.22167791 8.791763363206762e+16 1723877062563125.8
42.0 371531.18433396 3.102687960697102e+17 6083702422259886.0
43.0 371484.9274679368 20455795874863.082 401291410748.04065
44.0 371138.49377651594 390549775115245.56 7657969026849.936
45.0 371138.49377651594 715532274379162.8 14035892918268.428
46.0 371044.1223205365 2731883978972568.5 53573053740432.82
47.0 367320.330550604 1.1759225271389558e+21 2.3057304729044345e+19
48.0 366786.1837690506 1693051809267838.2 33197141926771.902
49.0 366555.25881644286 69819458720815.67 1369401995661.585
