0.0 555519.583630664 1.7185588219969203e+21 3.4371185864439943e+19
1.0 555202.1165971474 624804249714396.5 12251217112109.314
2.0 548035.1651170563 1.2429234964448012e+19 2.4371048949961152e+17
3.0 546399.5601198823 22151485809.585434 475463530.61053926
4.0 544916.4494920316 2573303367367.4263 50485220890.29497
5.0 526962.0301764521 94597178467.48907 1855499515.1044867
6.0 521319.45403531496 346362915695.2389 7362048883.548028
7.0 518744.04798884946 2733472994594.756 56161633791.134125
8.0 511221.67407489213 22221620754609.41 435729936219.5621
9.0 508353.24623259495 1.939047556024751e+19 3.802054121048654e+17
10.0 508056.5735570452 298075753264778.56 5850893050059.755
11.0 501176.88681058696 200403893148617.22 3929493443082.054
12.0 500305.49752974376 5998098262785.524 118309351673.2492
13.0 497016.8087775623 857919371587365.1 16821959450985.559
14.0 496296.1554396946 2668924532506309.5 52331881627403.37
15.0 493401.6386803869 693127825114.1598 15291966613.97809
16.0 492597.20137718855 282989720739952.06 5575356689655.37
17.0 478596.4692683106 98437051387635.42 1930142682818.239
18.0 477814.0895110813 179123632163329.3 3512279819525.698
19.0 477078.1205893611 49046993660792.586 961821152882.6868
20.0 468092.45243009535 1568049647062525.0 30746072953355.727
21.0 459050.19020241156 3.878912065820629e+17 7613667182605166.0
22.0 449302.82839273463 454479047603023.9 9037695792883.568
23.0 446344.0702677152 5.309204038234501e+18 1.0410204884816059e+17
24.0 444958.00540533295 64060943581698.95 1256144691503.6938
25.0 443486.0875732108 232058019764806.78 4552306406804.254
26.0 443287.0555984704 1.9477341849945802e+17 3819086873289367.0
27.0 437252.0931586027 258038186978706.5 5060400574239.269
28.0 429032.7410197739 3741039585162.3916 73375147750.382
29.0 429032.7184256556 1.515872452006428e+22 2.972298925508993e+20
30.0 429032.7184256556 912783225014.2086 17900058897.893974
31.0 429032.7184256556 4715136835446210.0 92453688477811.0
32.0 426865.6862137674 2858883655210623.5 56056558612968.28
33.0 426865.5877772548 16907408423244.752 331519353669.557
34.0 425557.14768686914 210215734088940.34 4121886123840.969
35.0 420746.6264028197 2.1458460381495152e+17 4207543955998882.5
36.0 418595.5794260111 3.2657371879489052e+16 640350055385631.4
37.0 410571.0810206393 232410822854.11063 4573639623.377538
38.0 408657.2704159176 802723831195962.2 15739713709016.096
39.0 407989.5866446635 36531083118137.1 721098105968.2417
40.0 407989.5866446635 3.3358065038397405e+25 6.540797066352768e+23
41.0 407960.5883557635 1208838646097911.0 23769713532677.812
42.0 407960.017696102 2959706533414845.0 58033776604867.125
43.0 406744.7455431809 1043528817389.5671 20603809516.471695
44.0 405711.0598990811 18046482097283.3 358687245817.5358
45.0 402344.22160331154 883803340781405.5 17331720576092.268
46.0 401726.46523184056 5.50622783961481e+17 1.0796525182141084e+16
47.0 401726.46523184056 182253747581.87912 3629327394.956945
48.0 400569.6265620819 362429049985157.9 7106654824140.31
49.0 400569.6265620819 37825399696486.27 741676627332.4116
