0.0 575916.6381776828 1.3894904324809457e+23 2.778980883457214e+21
1.0 574673.9664996791 523820315018.60016 10274144701.033268
2.0 572226.0551267874 20102035323475.836 394158265657.29614
3.0 561016.0828652679 120305043629.8582 2359557838.266884
4.0 556998.2289546208 2215508755809.2007 43442901920.8386
5.0 555366.9044031542 982642455.6641744 19865229.953788538
6.0 540712.8737657727 7443620839450650.0 145953351490605.62
7.0 534126.1454869956 206583356418028.1 4050703073637.505
8.0 521816.3462103932 109180963383.89162 2147952557.770322
9.0 520130.7340350012 291244855289526.06 5710685512374.494
10.0 513910.38511137164 146021356572065.7 2863207420821.451
11.0 508925.70035531925 43995775675828.4 862663031356.3398
12.0 500672.5484307624 4871533062975.56 101776945143.88239
13.0 499195.99980900006 1346179946272.34 26406085188.752083
14.0 492287.1994532412 2.3340256601692058e+17 4576520915815482.0
15.0 478723.5150686759 3838980602605.013 75311956833.4812
16.0 467944.93693712103 24085042473.100166 475586590.7294566
17.0 467505.39928218833 390430513762318.8 8499476354135.579
18.0 465957.8246588168 216011102105838.56 4235520028227.5405
19.0 463723.95559776016 377482081036.26556 7419947319.550684
20.0 456690.63153653144 6500097774958277.0 127869499673016.97
21.0 455760.34606200247 32015748370.143394 630418611.1530118
22.0 455501.1877670121 2606375354437.368 51164712948.373116
23.0 451286.1657668302 660836359960883.9 12957610562458.709
24.0 450010.5924482565 6.883709468216429e+17 1.3497469557738358e+16
25.0 450010.5924482565 9323550487736916.0 182814724958562.94
26.0 448293.58508958213 7084469279832.784 138918738651.6307
27.0 443462.82344982866 932552337205.7832 18298161657.84907
28.0 442390.83124792133 1.9654594034190156e+16 385384203295224.25
29.0 442390.76502040715 74477035723663.0 1460372559912.9478
30.0 442390.76502040715 3.992403222058472e+16 782836730833080.0
31.0 438580.71782581974 664144502399342.4 13022444134176.73
32.0 438302.7701877824 1242614117928490.2 24365089861158.887
33.0 431110.84326542425 1276209070876.1797 25024850208.67725
34.0 431017.3082232351 431950244771.7192 8535272970.454759
35.0 424988.8826646412 1603889848694.9448 31496923617.15707
36.0 424734.4886317959 7340910430809027.0 143948941086963.53
37.0 424681.99092151265 983951096138937.4 19293170418069.8
38.0 424681.99092151265 119724574725328.94 2349335196095.6245
39.0 420752.8786947651 1.0861067139976236e+16 212962117236597.62
40.0 418333.4794541405 268008120363376.4 5255062311146.616
41.0 418333.4794541405 772575312558370.2 15148564600073.143
42.0 417787.65293112106 892863877360.7777 17994485014.58996
43.0 416783.5321249192 12538062946.635418 248818780.36093774
44.0 416783.5321249192 874558606278206.4 17148287119133.834
45.0 416593.3735558444 170037893405395.06 3334079077658.8174
46.0 416435.5509344893 3905379397381.006 76587815724.75975
47.0 416435.5509344893 9.446998092427807e+18 1.852352567220233e+17
48.0 416435.5509344893 655283626660.7642 12865559673.476816
49.0 416435.5509344893 8222451763648.138 161248996086.7334
