0.0 575913.5683418917 6.064750958728896e+17 1.2153351427833804e+16
1.0 566149.9855446883 2873970506581670.5 56361503590709.08
2.0 564608.0904970417 818609977188.8357 16051810081.968683
3.0 547625.4239827144 750668225634.8442 14730459569.25528
4.0 546803.9658293831 1437592267362.933 28190326955.63572
5.0 545286.973581769 400782334276.3782 7862915633.786718
6.0 531897.9870084558 1.0478062957603842e+16 205452267257504.88
7.0 523591.2215192526 2.400468111311977e+18 4.706800246531689e+16
8.0 506534.6837206035 146073888022787.6 2864320530780.9463
9.0 503000.41273175465 1118780926907304.9 21936881912587.613
10.0 501935.2749294147 5939298187990036.0 116457494147216.69
11.0 488447.7240783892 2.423589226777998e+17 4752136804978550.0
12.0 485297.3021521941 13288063517863.996 260556009373.66574
13.0 483430.74413450615 80212669365646.36 1572806644122.5908
14.0 477778.822308938 4.839976148071095e+16 949014951832922.4
15.0 474057.17610192177 7.387057826575166e+21 1.4484427112858183e+20
16.0 468066.96847022616 1.5517997971800015e+18 3.0427447008818348e+16
17.0 467947.7023097971 2468916425896352.0 48438907222415.22
18.0 454943.9470522463 542926758693728.25 10647163050919.713
19.0 444607.92578496435 2.2284355214133645e+19 4.36948141473224e+17
20.0 441421.3198915537 34412635078211.54 690949298380.8798
21.0 438197.37495804654 480128639345.249 9433072882.127815
22.0 438190.6043574471 1141118538484418.5 22626964335312.383
23.0 432837.7026649708 2335819980460.8433 45908733168.15773
24.0 430602.52692820755 30762075050.58509 638977206.8817446
25.0 429044.2913654259 567127032649.1027 11223475496.978403
26.0 425543.8854152627 6303139604604185.0 123591034650625.7
27.0 421306.73042054434 1.3542879975502446e+18 2.6554690624076284e+16
28.0 421306.73042054434 1.7638267932531622e+16 345848727154587.8
29.0 421133.7817292949 7.508079800929021e+17 1.4721725103312728e+16
30.0 418226.3776667284 7261635633.1393585 144107128.36133263
31.0 415594.377297705 1.3221113787152525e+18 2.5923752533456412e+16
32.0 413367.0467852689 2.4025483458169348e+16 471095641473201.44
33.0 413367.0467852689 738205050630426.1 14474651182357.236
34.0 410244.8455529941 1.4629320556750465e+19 2.8684942474296768e+17
35.0 408991.3070700692 83181591490760.42 1631258717289.767
36.0 408991.3070700692 4.0155993886424614e+17 7873724313376571.0
37.0 408785.3156569101 5.9397767666166056e+16 1164690742623753.0
38.0 408118.2368074326 1.5132719727304845e+17 2967201870256697.5
39.0 405701.2879846128 348137455429.50433 7214767718.046383
40.0 396232.28019226075 54397624733146.03 1225760888926.1797
41.0 396232.25262253504 1.4535101180000582e+16 285902639952211.94
42.0 396190.1163193297 1.7571540643825046e+16 344540205073786.2
43.0 395063.1223302793 221838486503005.9 4350157257997.99
44.0 393121.62270296674 1.8901603224829374e+19 3.706196793726268e+17
45.0 388140.95453828876 425477714790.3712 8362250303.187689
46.0 382529.4850468296 5.106759829008078e+19 1.0013265237791919e+18
47.0 380667.69150511554 2256927490398213.0 44257348792658.78
48.0 377118.00132933725 43385190704297.17 852348004984.8358
49.0 376893.80298734154 5.197918824293573e+16 1019200094425827.1
