0.0 0.2432437438664473 869491989.7308898 17418121.46110486
1.0 0.2432437438664473 9541.63248786928 198.27362965843437
2.0 0.2432437438664473 25.984998903276978 1.6650261996287832
3.0 0.2432437438664473 1732.7742477464876 34.5010419629493
4.0 0.24300073658711369 109.24408255920055 2.501517150330301
5.0 0.24300073658711369 2.5196398481200846 0.3384634478066649
6.0 0.24300073658711369 117.82878054624646 2.604930074252617
7.0 0.24300073658711369 7.73845850653608 0.3985608543968261
8.0 0.24300073658711369 29.624868027715276 0.9125490299335025
9.0 0.24300073658711369 5.858124128488356 0.3543737326211821
10.0 0.24285183359962584 10308.988246152298 203.6152633615734
11.0 0.24285183359962584 148.14659378565867 3.184664508306808
12.0 0.24111836320646685 1.249118245282029 0.26310021245506754
13.0 0.24111836320646685 1102.5847300495548 21.874783283589633
14.0 0.23856907929030827 37.68485822681407 0.9793130094095884
15.0 0.23521512786763488 502.9717344674033 10.12985339454654
16.0 0.23521512786763488 25.77916651600886 0.7697104125600401
17.0 0.23521512786763488 777.0397412232411 15.484795809968837
18.0 0.23249073169256787 228.2053994064497 4.74676492213418
19.0 0.23158930252978863 948576.8835116416 18599.78094641855
20.0 0.23154027861890575 850.4795794011455 16.91067870260953
21.0 0.23154027861890575 2854880.9247282883 55978.32301646448
22.0 0.23154027861890575 627.6659155562005 12.5437364516559
23.0 0.23154027861890575 343.8405923785505 7.044655012446806
24.0 0.23154027861890575 273416.6127026488 5361.359745875268
25.0 0.23154027861890575 327.5522164377921 6.650852980577665
26.0 0.22659093569824537 138595.60388125503 2717.8352852234307
27.0 0.22659093569824537 122998.88287818318 2412.018814590513
28.0 0.22646185393573232 5.070576466082658 0.325108671665532
29.0 0.22646185393573232 87.09193150720041 1.9538794281616634
30.0 0.22646185393573232 248058.93522739402 4864.125673130668
31.0 0.22646185393573232 11102277.735307388 217691.95184265808
32.0 0.22638503170056837 9.261434188848613 0.4085565174799541
33.0 0.22638503170056837 14.510229836669874 0.5130565604935096
34.0 0.22638503170056837 72965.49179393137 1430.926544568619
35.0 0.2263484808360732 852.8060466805041 16.96071118648342
36.0 0.22615431012011905 90789.81117681378 1781.5466626036937
37.0 0.22615431012011905 14.784574524985304 0.5241534122608518
38.0 0.22615431012011905 89.48391424793051 1.990839409359713
39.0 0.22615431012011905 0.6378847018715204 0.236411073901529
40.0 0.22615431012011905 17655.28100797804 346.4114921607577
41.0 0.22615431012011905 5.575228652718108 0.33329124102710356
42.0 0.22615431012011905 2.067133046680433 0.263228779175834
43.0 0.22615431012011905 6.474151439663692 0.36128853457272647
44.0 0.22527743116150592 77.54247097383983 1.7522103760989975
45.0 0.22527743116150592 234.7460645442828 4.865930460213113
46.0 0.22527743116150592 348.8753889159479 7.131558858852592
47.0 0.22527743116150592 206.04386020591613 4.262364203142145
48.0 0.22527743116150592 2.354172561574222 0.2697885207677824
49.0 0.22527743116150592 8.176552828723654 0.4009197642319657
