0.0 0.2607070927667969 726520046805.7869 14530603838.512276
1.0 0.25714405589526446 88711.18513146004 1773.8404702373398
2.0 0.2560577611445829 1487.7632841480684 30.743144921268883
3.0 0.2560577611445829 43143.111569941575 857.2086791339589
4.0 0.2560577611445829 5239217608.355238 102729758.64273287
5.0 0.24796379425433052 137.784489651909 5.228744266878802
6.0 0.24343196536080247 513705.823984298 10073.077957005651
7.0 0.2429563779991016 295.75292101970507 6.308122955880778
8.0 0.2429563779991016 1288.9335932057159 27.253622019280254
9.0 0.2429563779991016 565.2888018964358 11.711827972872246
10.0 0.23963238472479242 48665821.329848416 954583.8708599444
11.0 0.2389674679820561 155622.71396662638 3051.717799502591
12.0 0.23860388437027608 429.8015616856831 8.72401462568902
13.0 0.23859200685675575 9386.266153854316 185.5802994488923
14.0 0.23606424402452783 31546.313966201382 619.1637271751817
15.0 0.23476628292830884 10935.49746114108 217.20108802165166
16.0 0.2341321056528419 63627.191810342265 1247.9067686562842
17.0 0.22778338519109928 11745.84831747486 237.03448356146697
18.0 0.22778338519109928 85.83121203319128 2.1257993688883965
19.0 0.22778338519109928 5024.247080041646 100.86092860293599
20.0 0.22708981432270156 798.8973340877967 19.162716425481257
21.0 0.22708981432270156 106039.02428398369 2083.8674487357735
22.0 0.212649472475425 222691.4817914604 4366.885983183651
23.0 0.212649472475425 31921.282779010548 642.394493632348
24.0 0.20407643078841906 22717.825997607273 450.00041865695783
25.0 0.20407031882901655 4886480.048467945 95814.09657980644
26.0 0.2039331934469548 1427.3026035688092 28.57714138292755
27.0 0.20266769011118052 210.37999987884254 4.539457941020018
28.0 0.20192129142098664 764.5399906281676 15.725097842767376
29.0 0.20192129142098664 563.3802039535653 18.70997846266437
30.0 0.20161125981910114 9821.707471796863 193.82125381118803
31.0 0.2000407575937831 97359.02878839296 1910.6915504849837
32.0 0.2000407575937831 2791316196.8604994 54731696.964952916
33.0 0.2000407575937831 6427.607277430649 126.54939853425036
34.0 0.2000407575937831 467429.1082833834 9165.945701463794
35.0 0.2000407575937831 73451.72249686398 1440.9656038524108
36.0 0.2000407575937831 1175.2070284041145 23.32872626212172
37.0 0.1994945498982745 520426.9945232465 10208.732379655996
38.0 0.1994945498982745 10146.420796186077 201.11925121352863
39.0 0.19871881280862205 351.8138112852161 8.462717971079158
40.0 0.19871881280862205 1871.5955185349474 37.58983275422442
41.0 0.19871881280862205 38560.180920997125 757.4688606231952
42.0 0.19871881280862205 4050.2583930318165 86.30575927997474
43.0 0.1964122885148641 657.7212444970054 14.081201145199087
44.0 0.1964122885148641 18926.713456658363 371.82786173853344
45.0 0.1964122885148641 1084.1849814425022 26.72171397346252
46.0 0.1964122885148641 1928.7169899655503 38.17993267295608
47.0 0.1964122885148641 2054598.9357045458 40286.69075928395
48.0 0.1964122885148641 29.237117374505782 0.9328461949260852
49.0 0.19582352544465653 6411.902640749423 127.36129994387127
