0.0 0.25445374448278857 12609525184.601915 252194714.4111048
1.0 0.2464389749071637 47111.44342847281 933.7197251897801
2.0 0.23671818097213004 809.85406651394 19.087119154797783
3.0 0.23578067111612416 74904817.48804136 1468723.6080496667
4.0 0.23578067111612416 10210.758935194966 202.88311690808814
5.0 0.23464555016200736 225.68169571348545 4.982631923068592
6.0 0.23462763980549622 49612.33465938551 974.9402023763453
7.0 0.23270857076170792 20157.389497657397 396.13269709959405
8.0 0.23095301346809308 2951.3501645371857 85.33551496043573
9.0 0.22968274688073986 603.9378081011915 15.997564518353668
10.0 0.2283711863141151 36685.155615215124 740.1265695373129
11.0 0.22595422525660414 1120.691927254335 23.26793304249238
12.0 0.21955983952940278 63762.424540257736 1258.2141778363734
13.0 0.21955983952940278 344.50905627802945 7.822616479327848
14.0 0.21917768222409623 21831.54030234887 428.83382302179984
15.0 0.21452558241664227 28043.30308472842 739.6492548026758
16.0 0.20807241909363244 7937.119695520336 168.2502956228906
17.0 0.20807241909363244 138396996.72098872 2714901.512939023
18.0 0.20807241909363244 20991294.309273433 411594.967675126
19.0 0.20807241909363244 141919.30831663965 2783.5441541688
20.0 0.20807241909363244 15061.24008587218 296.8811950770226
21.0 0.20807241909363244 9872.59678636695 197.37813276728593
22.0 0.2061217478497601 1031.7935396933988 21.463233866109682
23.0 0.2061217478497601 26520.5082569228 526.7759809692346
24.0 0.2047135621294663 28154.769741137956 552.5509424252087
25.0 0.20417215783273085 239480.4313384529 4700.317326750796
26.0 0.20417215783273085 15771.837801076746 311.82415932120995
27.0 0.20410441374060972 301675228.57386124 5915209.387206601
28.0 0.20342551964480612 2523342.9545122725 49477.933231854746
29.0 0.20342551964480612 479389.1783073468 9400.529919450164
30.0 0.20096339084374043 669716.1138479471 13132.343672266088
31.0 0.1996671930247058 57152.27447088794 1125.3703990667175
32.0 0.19603943677793853 333664626.98675543 6542444.242781232
33.0 0.19595749771879825 1807.3084698058608 38.08467235390551
34.0 0.19595749771879825 25567.245391302567 501.9857042491664
35.0 0.19595749771879825 123591.38656020175 2444.882637170259
36.0 0.19514307189507626 4960.11708432705 102.71052036006407
37.0 0.19506312151485766 464.94668281173966 9.899547197233494
38.0 0.1950396221230712 97719.91979305827 1916.4403489321317
39.0 0.1950396221230712 151.92612815364106 4.830649615445594
40.0 0.19475958872412116 48341492.21195707 947873.7615780155
41.0 0.19475958872412116 4103.464560569772 80.84318995604866
42.0 0.1921232230218157 38549.9911609202 756.1908918957357
43.0 0.1921232230218157 1419985.6414024688 28239.159232620717
44.0 0.19026643068686142 124850712.46963497 2448065.80099202
45.0 0.19026643068686142 2471.3685158035514 51.689600946052316
46.0 0.1901226247985001 73169.7892115561 1441.9027329410676
47.0 0.1901226247985001 4564350.236372097 89500.58594165844
48.0 0.1901226247985001 907720.7896843 17798.84464454675
49.0 0.1901226247985001 143077.45579275527 2806.062469864929
