0.0 0.26618637428528413 19113634100.4724 382288753.1237278
1.0 0.264598349819708 94653.92862137346 1920.4065734824724
2.0 0.25266025893672206 216931.80528460105 4256.890385449987
3.0 0.25266025893672206 9496.044636841316 187.4082786217986
4.0 0.25207513590957004 359.6122003004684 7.605816604653144
5.0 0.2449417876383704 175300138.23937336 3437258.314408435
6.0 0.23995533488116452 3245.3331192142373 65.13162413397701
7.0 0.23388144240441042 103503.18336541601 2067.989189623976
8.0 0.23168013734887838 11473060.888013998 224963.02445009974
9.0 0.23103487785331056 170062.24351348134 3361.8950868463003
10.0 0.22609753402413188 1084529.0079847707 27490.598442539937
11.0 0.22337057099204402 16647.75515012742 326.9628427967407
12.0 0.21841848074015557 3256434413670.2427 63851655627.84404
13.0 0.21841848074015557 277142.90099872596 5438.773030671299
14.0 0.21841848074015557 23297.826507813774 457.38402234105365
15.0 0.21841848074015557 3153566.885124239 61889.38171343256
16.0 0.21841848074015557 227507.3926011059 4461.8761020182965
17.0 0.21738909101934423 151.86097842711416 3.9453035648535706
18.0 0.21738909101934423 8049744.510487432 157866.94419005822
19.0 0.21738909101934423 98990.11861914178 1989.4959777038239
20.0 0.21447672946590032 123489.02492190819 2423.941442703489
21.0 0.21447672946590032 2438.7884377080577 51.23851888558065
22.0 0.20226437810098513 20551005.920648634 402978.13285234227
23.0 0.19886986459054584 229702.7248866329 4522.127570763302
24.0 0.19886986459054584 220487.87223786398 4332.85773927563
25.0 0.19886986459054584 28385345004953.055 556577301023.9973
26.0 0.19886986459054584 1676.4358533074108 33.97283607068138
27.0 0.198712053287092 480338.1140719454 11597.845174546006
28.0 0.198712053287092 11470556862376.898 224912879704.27045
29.0 0.19729229615830698 3592.2706982978516 73.96225027542498
30.0 0.19729229615830698 725865.7275930931 14251.868145967648
31.0 0.19729229615830698 557353.9712779238 22380.39561558138
32.0 0.19701600942357408 28544.04180083454 569.6891974363795
33.0 0.19701600942357408 4510544.960195804 88511.00031583948
34.0 0.19701600942357408 41726627148.13753 818169809.8935579
35.0 0.19701600942357408 64824.57096196638 1271.5170969610876
36.0 0.19497168399963638 735638.7370978174 14425.051703852067
37.0 0.19497168399963638 138706947.32702473 2719747.3687347667
38.0 0.19497168399963638 39991.328393419535 1326.165638567851
39.0 0.19497168399963638 4659298203.788335 91371123.9416128
40.0 0.19497168399963638 1923862939.7554588 37722803.45541358
41.0 0.19497168399963638 724125.9267268769 14199.381155842297
42.0 0.19497168399963638 976525.9281685804 19148.136964952926
43.0 0.19497168399963638 20961.163084475014 438.47432698837673
44.0 0.19497168399963638 70547.10071726401 2137.9909397793986
45.0 0.19497168399963638 223.30318441065825 5.154494955742325
46.0 0.19497168399963638 1755149.5328284542 34816.71346282302
47.0 0.19497168399963638 6424288.604257169 125991.37720919325
48.0 0.19497168399963638 39323.63849196658 892.0626842246766
49.0 0.19421182005144086 504604.57253450365 9961.870660886523
