0.0 0.23029809064807819 920933297.1476184 18425626.26915126
1.0 0.22801823964123102 5353.739478170303 122.72310971690106
2.0 0.22483368416024424 1344.9278488829025 28.0194497228156
3.0 0.22331063028843592 554.8399760135405 11.584374674139093
4.0 0.21833389201582565 1202734.2982946746 23583.76352905963
5.0 0.21833389201582565 825.8212616156933 16.69007622988148
6.0 0.21782277613163656 662169.2406588173 13410.134567479003
7.0 0.21560970591057518 4885.024682789006 101.6329063192797
8.0 0.21477729492178504 24633453.824383836 483013.2817006938
9.0 0.21401871726531216 129.92008976562195 2.9690695752615475
10.0 0.21401871726531216 2287.5140968872024 45.271085287220025
11.0 0.21401871726531216 5106.152104775477 106.53726263886622
12.0 0.21401871726531216 48681.14681603758 955.0079660237915
13.0 0.21401871726531216 6217.800760313111 124.17864260281327
14.0 0.21401871726531216 1100.7222898570403 24.070640658279025
15.0 0.21215721211788052 334.25450804730104 6.944160936100527
16.0 0.21215721211788052 424698.77744602197 8329.36327038587
17.0 0.21215721211788052 213256335988.63602 4181498090.3589478
18.0 0.21215721211788052 108376.14233703105 2175.911808675795
19.0 0.21149472588634252 1705270.3944814503 33437.27658294653
20.0 0.2105420862377354 1362.5343590761036 29.67924896537478
21.0 0.20936096095366896 368.9555719637244 7.550594970811525
22.0 0.20936096095366896 2652.88990745376 55.43993154385027
23.0 0.20904106248734583 1086929.925080394 21313.42540510804
24.0 0.20904106248734583 491.6964851758547 10.41881072937541
25.0 0.20904106248734583 10959.878953116502 216.0182709440739
26.0 0.20756999903572873 879310.428575411 17243.72697189306
27.0 0.20472514199713304 788427.0161556887 15515.036643526344
28.0 0.20472514199713304 985710.5708482784 19328.517393880382
29.0 0.204349600072833 483.7560839779752 10.270740362798042
30.0 0.204349600072833 277.5597311112419 11.764145855201381
31.0 0.20264148526510808 32839.51500710008 644.4621145486515
32.0 0.20264148526510808 4984855.376749355 97742.83646259626
33.0 0.2014716926566883 1560.064550555517 36.97699296656151
34.0 0.20083265731810496 17826.190351410434 354.887449197589
35.0 0.20083265731810496 13826.077319307356 274.3851873860504
36.0 0.2006271407016281 1448272.9157904533 28398.62372727344
37.0 0.2006271407016281 1264.5069432865198 25.418213654004276
38.0 0.19614766784188992 1078.1384020001612 23.79009361569039
39.0 0.19600587244973092 1834752.156800504 35976.47648673437
40.0 0.19600587244973092 4850.126828809602 131.34770538874912
41.0 0.19600587244973092 102678.7045880661 2014.3642092422472
42.0 0.19600587244973092 18036.198475278812 378.4131412079037
43.0 0.19600587244973092 3469.2727568806063 68.42249775784941
44.0 0.19600587244973092 522.0500848031176 11.053339320353782
45.0 0.19569111090723565 984.4351369489782 21.204939231172464
46.0 0.18859754229732834 5115.433387440314 101.99057164417091
47.0 0.18859754229732834 63.286577820111916 1.741853492220181
48.0 0.18859754229732834 995.6434554426683 19.870899617952254
49.0 0.18859754229732834 37.61899252290403 1.1062550216553908
