0.0 0.24632085843100182 5423508753.509441 108566470.19349054
1.0 0.24632085843100182 18209.553612259624 379.3890128003499
2.0 0.24632085843100182 7894.868923958295 156.96850436688638
3.0 0.24632085843100182 25535436.114995167 500695.6067237061
4.0 0.24594061946835397 233.4099872113456 5.014998083574854
5.0 0.24594061946835397 33.30771209594868 0.9730191702083716
6.0 0.24587017088384666 16.025682641747554 0.5958076331642356
7.0 0.24587017088384666 77.36840835238198 1.8764063128389112
8.0 0.24467336419702193 29.863065521662598 1.176003255873283
9.0 0.24467336419702193 302.79854281232343 6.2250524751923475
10.0 0.240522724663056 788078.7810013968 15453.039562020438
11.0 0.240522724663056 1588.31056749159 32.384557428086666
12.0 0.240522724663056 100.89566794607347 2.2419098725339803
13.0 0.23588128159246796 14035.296544799947 304.17400589400484
14.0 0.23588128159246796 1023.1293568104378 20.329236384682215
15.0 0.22765577684009272 2029.9807310477647 40.07408228669362
16.0 0.22765577684009272 81.61820337938117 1.883846682941532
17.0 0.22765577684009272 54.13123592236289 1.348252932760267
18.0 0.22749342937714634 5494.000999654089 107.99171910627511
19.0 0.22749342937714634 17108043.215646707 335452.99775203597
20.0 0.22478944679959426 39500.12055277052 774.7817470310188
21.0 0.22478944679959426 1181.6637370360447 23.45442445300536
22.0 0.22478944679959426 10012.55951184846 197.53619292458617
23.0 0.22478944679959426 74.05378540639194 1.7882630322787254
24.0 0.220408360091265 46.54867368113327 1.4981948166063255
25.0 0.21815161170456948 35.318171838007466 0.9964503749246667
26.0 0.21755646509364757 91107.55408789121 1790.9248078591606
27.0 0.21755646509364757 583.9670036814679 11.776805083575024
28.0 0.21755646509364757 2986.9288567331914 59.07269680204915
29.0 0.2174518846458498 2553244.209623705 50063.9297215471
30.0 0.2174518846458498 4943.041186314701 98.45558062344874
31.0 0.2159781633738295 231802.74501040112 4545.518346443906
32.0 0.2159781633738295 25.221889431116992 0.7297620727863894
33.0 0.2159781633738295 4564558.781177493 89501.63536984468
34.0 0.21587616433760992 19.743361919136035 0.7529506207452427
35.0 0.21587616433760992 72.49641935626929 2.0106796490223595
36.0 0.21587616433760992 7.410780850745163 0.4120750792849364
37.0 0.21587616433760992 9.821580076472141 0.44248974273355535
38.0 0.21587616433760992 2346913.3432034533 46018.52800180183
39.0 0.21587616433760992 24.760176923261945 0.8439891827046225
40.0 0.21587616433760992 371.3103278817572 7.570467100443015
41.0 0.21587616433760992 9.377444115188426 0.44188948195767647
42.0 0.21587616433760992 42.23747689394857 1.249991262971014
43.0 0.21548911984639169 13953561.063843535 273599.8899126948
44.0 0.21548911984639169 28441568.442743134 557678.0911882517
45.0 0.21537011154626134 26352.648463475616 517.3022626511237
46.0 0.21536125777482637 202.35264857221702 4.403198874405594
47.0 0.21536125777482637 284.6999058766116 6.993446810096996
48.0 0.21536125777482637 121.89880868360531 2.8008719078753783
49.0 0.21536125777482637 109.99608552816288 2.3953754247941954
